-2.458330282194414451e+02 -2.398285920977234582e+02 -2.383608872849014233e+02 -2.429943943322895734e+02 -2.426678617493897718e+02 -2.454740865473355882e+02 -2.464627442338001231e+02 -2.451663957052897160e+02 -2.488557620261735792e+02 -2.546858549387374921e+02 -2.541048697520637063e+02 -2.528678499096364760e+02 -2.556359035844622838e+02 -2.649683606581261301e+02
7.507092823441536211e+01 7.202567411175689926e+01 6.902369879411163822e+01 7.195342820831675112e+01 7.617625938051523349e+01 7.154515095993811258e+01 7.057792074417308470e+01 7.058860225047440906e+01 6.805898345884128275e+01 7.060144844455852819e+01 7.544141581934353269e+01 8.079150309281968134e+01 7.989690484076146504e+01 7.616171844383158884e+01
-1.481402477553831432e+01 -1.052116158837971227e+01 -1.230481354352538048e+01 -1.291689174005894358e+01 -1.737309462910690883e+01 -2.112655310173407841e+01 -1.955246256963537377e+01 -2.682875046657860452e+01 -2.616302690754294247e+01 -1.464583975463972720e+01 -1.017531420278911902e+01 -4.202350454191245532e+00 -2.251394455052822430e+00 5.136345165000001600e+00
2.997090899778383744e+01 3.664366727673182567e+01 4.659545855580334006e+01 4.956288855340513066e+01 4.713337126437679103e+01 4.751169565454993204e+01 4.496897921287573041e+01 4.149481318582000711e+01 3.548077176080504103e+01 2.850477917973881148e+01 2.839858043082298877e+01 2.826086018889763807e+01 2.260526017023833845e+01 2.271013039162777503e+01
-5.922200843305735596e+00 -1.351618519460340906e+01 -1.706150515870742979e+01 -1.274174757273968694e+01 -1.054847647131655108e+01 -6.218006730021122586e+00 -4.340244546141298621e+00 5.036746982037555220e+00 7.788388678380385066e+00 -6.646101686867043057e+00 -1.099285175706318540e+01 -9.221942594536304938e+00 -9.098683869881980968e+00 -9.355776256679600777e+00
1.777614229956578740e+01 1.524506018294114362e+01 1.870039829621032546e+00 -5.492852703861468733e+00 -9.422445352237019733e+00 -1.053558520665457898e+01 -2.092123582099670642e+00 7.388092508989476670e-01 6.878861790793323827e+00 9.560918602273781985e+00 1.205293135548163264e+01 1.020908166114163151e+01 1.135273887334831500e+01 1.563123084933333828e+01
-6.785293418952625721e+00 5.485261035353380166e+00 1.316212049475274526e+01 1.151152068211896129e+01 7.449615056131749569e+00 4.908288200937046319e+00 2.753399948804507780e+00 -4.125442906430868639e+00 -6.951357231798045433e+00 -5.021952018943442120e+00 -8.465119876827804646e+00 -1.225416833036165443e+01 -1.090421664010022695e+01 -1.127083131635609092e+01
1.319067247146079680e+01 1.051671136185990463e+01 1.824694246760210348e+01 2.167557069413150117e+01 2.907574016384170790e+01 3.333990372810465885e+01 3.504378667338731645e+01 3.577389904568764223e+01 3.208212695266090719e+01 2.928919011225394797e+01 2.660584438164372401e+01 2.615686255239325675e+01 2.680202644631991760e+01 1.732119011331379710e+01
-2.468259830745464178e+00 -1.240976903301734424e+01 -2.257681002677745852e+01 -2.764357263643201890e+01 -2.177011006790879577e+01 -1.899516186566784626e+01 -1.730500602596243453e+01 -8.972115521803399218e+00 -7.273486575400685439e+00 -1.169688944216441229e+01 -1.006823258954539924e+01 -5.150366389626961805e+00 -8.609414807883780441e+00 -1.362418155122811925e+01
7.889252240052240239e+00 1.392875757200587472e+01 1.539534838276567541e+01 7.012965844081609390e+00 3.610784112603878881e+00 1.723743909579692257e+00 -6.847735607887469378e+00 -7.245161097176286980e+00 -6.541327946088727252e+00 -7.774313681479608995e+00 -8.772446135066104489e+00 -9.166146778242127979e+00 -1.130871917258233950e+01 -6.493573179351335156e+00
-1.052293393791941867e+00 4.522225334433979782e+00 2.246100562335595185e+01 2.645267311988466474e+01 2.348613374675973020e+01 2.506216109815226645e+01 2.242654122436148612e+01 2.180531029347848460e+01 2.263317479478025263e+01 2.415290132509645815e+01 2.169448247742348457e+01 2.117105760357086197e+01 1.867577760804564946e+01 1.952675475994762166e+01
-8.352204085734978634e+00 -9.779452627353094840e+00 -1.393856469653079344e+01 -1.389125796151157033e+01 -1.234037803720661941e+01 -3.325074830136880877e+00 1.205799704247929149e+00 5.025275476181505496e+00 5.199249233888584065e+00 1.967470163457196719e-01 -1.235343094026205790e+00 5.142987746661485282e+00 5.672636234767232111e+00 -1.486046186502421484e+00
1.558948349316937687e+01 1.793630117071936780e+01 6.657642101127968282e+00 -2.899092833232430166e+00 -3.493454417368476506e+00 -4.444004003956734117e+00 -4.048924770596825873e+00 -5.413916542640179408e+00 3.902269971002692017e-02 -1.113320608863453742e+00 6.530357003187505782e-01 7.908993686759560049e-01 2.492054843123653107e+00 5.485966037702214138e+00
9.359459373829075446e-01 3.112852747363656469e+00 9.085479465863029347e+00 1.421095515151322530e+01 1.745691186683070839e+01 1.134448901796469755e+01 4.844783036044635338e+00 1.710771793982948097e-01 2.097867326686231770e+00 5.762938835989561248e+00 5.651247757612503086e+00 2.546561694650372409e+00 5.950228078310097146e+00 1.044535949198942681e+01
-1.601251002443656368e+00 -9.186021703100514912e+00 -1.129007603631174561e+01 -7.606619565275791750e+00 1.335891615022881673e+00 4.395391932362835874e+00 2.101175373147883718e+00 1.947675928804859957e+00 -2.589982394008267796e+00 -6.145428794771607528e+00 -1.969451618412915828e+00 1.754531024004746698e+00 5.312569274424845389e-01 -3.687064366705200769e+00
1.150692213109480377e+01 1.166551114781914755e+01 2.986882323848481846e+00 2.644685589160085115e-01 5.016416839890800894e+00 6.903432611027819021e+00 5.694266509057655412e+00 1.204213903070832181e+01 9.343915951190114200e+00 2.281049265001573012e+00 5.732809830311072830e+00 6.121152407632896697e+00 9.835058851651355738e+00 1.420720207468926333e+01
-1.096927864827689092e+01 -5.174105861145577023e+00 1.884279125212345640e+00 -3.464807077706615779e+00 -6.684720927910486665e+00 -7.882988990529733009e+00 -1.029539467043831458e+01 -1.061457827559748246e+01 -1.286361164627637521e+01 -1.075538854804902300e+01 -1.173910379240350110e+01 -9.086044793606085079e+00 -5.342374076917328019e+00 -6.877963704748415452e+00
9.487098092676395922e-01 -7.163128681370611872e-01 3.605360856824719740e+00 9.780108722560866497e+00 1.448085980053957300e+01 1.260142612439227250e+01 1.040064128558437417e+01 2.600225202533389179e+00 1.532952806364613174e+00 8.817677289928042228e+00 3.783686036268620434e+00 8.628804609599447062e+00 1.325341972812655733e+01 7.555772344039974442e+00
-3.759047625185646169e+00 -5.712731511330005674e+00 -1.325998850580440092e+01 -8.917476125716810031e+00 -5.789878241074399412e+00 -4.012731501887524033e+00 -1.186877922306686095e+00 4.369009952723761359e-01 3.123552683769818650e+00 5.187620749829068068e+00 2.253526338353077030e+00 3.719240522579109864e+00 5.877378257349976209e+00 7.254389163134694840e+00
3.470496754513687776e+00 5.351303375126380324e+00 4.274611229337047291e+00 1.047885712084989152e+00 -3.290506422454746449e+00 -4.562259873615610140e+00 -2.396322772032294601e+00 4.601083129916135661e+00 4.214845362561253417e+00 1.401833361870091110e+00 4.677351238915807841e-01 3.241370217143209942e+00 1.816829450696270776e+00 1.063316227654757640e+00
