-2.535559008113338280e+02 -2.398882017949338774e+02 -2.393277343939874697e+02 -2.417668187172382090e+02 -2.330817374948908025e+02 -2.168851815204326954e+02 -2.130529117779475996e+02 -2.116257673998868256e+02 -2.215076487642278096e+02 -2.235026436398736109e+02 -2.224645280234662152e+02 -2.240414581913319125e+02 -2.334961063756105091e+02 -2.368094312854584018e+02 -2.462455068855479396e+02
7.932109930575553847e+01 7.727916843269461822e+01 7.078739048863191385e+01 6.324202269074469029e+01 4.469419415640567195e+01 3.649722864936785527e+01 4.144227933317388590e+01 4.678494750065758012e+01 4.747187636026941249e+01 5.031453749940784803e+01 5.790729950732203690e+01 6.178446979724756005e+01 6.104045764236859384e+01 6.341410121143271539e+01 5.768120402418826131e+01
-2.809197445310084973e+00 -8.579916432842310314e+00 -1.493505413614452593e+01 -2.339098415595405811e+01 -1.932936078107375977e+01 -1.198815086938501651e+01 -6.660867435585976715e+00 -6.661556380169241010e+00 -1.476188958350672209e+01 -1.748976129594803908e+01 -2.143319707282112674e+01 -2.040823067632376109e+01 -1.868008381279473085e+01 -1.180611624882807575e+01 -1.000302248135439953e+01
2.642897258183719345e+01 4.015350557419878896e+01 5.226800012202128443e+01 4.889090657881283875e+01 4.131039494870547912e+01 4.011050331733985530e+01 3.976345349512545368e+01 3.984559141960014017e+01 4.410382207977306734e+01 5.635881985165536179e+01 5.902554089874039533e+01 5.781085241420083776e+01 5.352083214238020048e+01 5.071523045306199862e+01 4.650801580860552775e+01
-1.548466771690686450e+01 -1.560332762006913754e+01 -1.528374892422591458e+01 -1.208065043415170692e+01 -6.664190812469892755e+00 -1.838209172830784333e+00 -5.243976547412166234e+00 -1.292429441049023531e+01 -1.560971322447672449e+01 -1.198596689155885997e+01 -1.340459742980058877e+01 -1.046404194378786912e+01 -1.352280842354176826e+01 -1.875675987611209550e+01 -1.708243449207858333e+01
2.027909582185883863e+01 1.073467943853382067e+01 -3.832645987813722677e+00 -4.897011309166617643e+00 -4.003430655746380573e+00 3.839610763729677245e-01 6.097024724864033907e+00 1.936174025261153453e+00 -3.093983890919401958e+00 -4.106924287415647967e+00 -4.830276921885700681e+00 -8.388221728672817790e-01 2.280108741546660767e+00 9.678839660028506486e-01 3.866580069123903840e-01
-4.733382666045394593e+00 7.295423327682194703e+00 1.659648054591311706e+01 1.657787060015525071e+01 1.240638369905822813e+01 9.308674207146090396e+00 2.208173383546795598e+00 -5.472216597595151555e+00 -4.501782938084946117e+00 1.592842231508031503e+00 4.866897048769893708e+00 1.837403577930742493e+00 3.708103132122396062e+00 -2.711848813827408833e-01 -1.009389040807052496e+00
1.020357761479535696e+01 1.291310872063882975e+01 2.077284245020823761e+01 2.957713967235740782e+01 3.694112482218120164e+01 3.775212472558288823e+01 3.717308350654021609e+01 3.421705886122961715e+01 3.340519383182918034e+01 3.219372745821424786e+01 2.581841565971818397e+01 2.648334192692186306e+01 3.089383508913765297e+01 1.982667965178918479e+01 1.480842745727047038e+01
2.872186356767416626e-01 -7.015388597308190199e+00 -1.992322386773593834e+01 -2.282961821743177921e+01 -2.016127162816237117e+01 -1.780308016190598508e+01 -1.673847470911289648e+01 -1.777970429139664432e+01 -1.771030124952557827e+01 -1.860542465950992508e+01 -1.806533535688354775e+01 -1.602196009401057708e+01 -1.628628406078368585e+01 -1.715223310009314872e+01 -1.193303814346102598e+01
2.640705321145025763e+00 1.566677716796603903e+01 1.900267674855363964e+01 9.208668047687137204e+00 5.186074035335745513e+00 2.778907024023809846e+00 1.151679588616453920e+00 -1.451462337719054752e+00 -6.271746857732532376e+00 -1.752285544399327044e+00 4.928614799169586114e+00 5.142619120901078311e+00 2.413509334278699292e+00 -2.426186280806113871e+00 -3.577672160697665582e+00
-6.571560205329207704e-01 2.532733567046197010e+00 1.439190476629662641e+01 2.023548875055252694e+01 1.719598921826459659e+01 1.161648674044408303e+01 7.045904048836487910e+00 7.969162695214971670e+00 7.645184350075521884e+00 1.533688254935631790e+01 1.473404878242786964e+01 1.057010574086790555e+01 9.764818290003514534e+00 8.543422232364427771e+00 5.708469677572716172e+00
-7.745279681770692370e+00 -1.532411510349630213e+01 -2.176873351962107250e+01 -1.591093638076784700e+01 -6.509983685762502859e+00 -2.908759419211808250e+00 -5.345064556713072790e-01 6.472639022521454955e+00 1.017364317327010781e+01 4.930533610377013432e+00 -2.323850591754122341e+00 -5.713907368228877459e+00 -7.356878553012681898e+00 -5.582877233490661339e+00 -7.900325239766911700e+00
7.467081785225910373e+00 8.723456721064081876e+00 2.012493839309404287e+00 1.460861578621823753e+00 -8.567425877606762441e+00 -9.737793888148546628e+00 -1.417398045659320616e+01 -1.347958861935805963e+01 -8.189115752765715683e+00 -8.728635350335514076e+00 -1.954603352397437099e+00 -3.136740018372196737e+00 -1.531202944695346346e+00 -5.052081724365198312e-01 -2.219690527739492936e-01
-6.916637411655213619e+00 -4.087190296362095410e+00 7.202896589014001094e+00 1.227910007453052188e+01 1.466398278743735695e+01 1.298185256785599151e+01 6.811568514706562105e+00 -1.866529959338533828e+00 -6.103168791386357483e-01 7.768946615763147712e+00 8.941762975167783623e+00 4.814134759871191882e+00 5.643590927401946011e+00 -9.870834607420757578e-01 -4.333482364098953710e+00
-8.875052809793173125e+00 -1.071109391797095256e+01 -8.694302735057169329e+00 -4.668306957385311762e+00 -6.192351980929711175e-01 7.106517268983090219e-01 1.111238551138931108e+00 -8.384047255249065245e-01 2.500244787695347526e+00 1.016962011045852599e+00 1.433942351945971083e+00 -2.136549511990661898e-01 -1.546502756259544142e+00 -6.070431285308143465e+00 -7.574018956263190105e+00
1.267092939294374077e+01 1.743862268293464624e+01 9.523242226500164165e+00 3.666934467839021217e+00 9.794181091756897217e+00 9.976974093598443005e+00 6.613585662241784568e+00 4.535435582385680675e+00 2.371762047869862222e+00 4.551742070990553835e+00 9.340432612778695187e+00 1.063952107409655845e+01 1.043668541096293723e+01 1.081785317751254993e+01 1.163615618090155834e+01
-1.464102200895010419e+01 -1.067283565630053666e+01 -3.631663787377591213e+00 -4.720932658190735154e+00 -7.422814684670084873e+00 -7.774149298115080597e+00 -1.212316758661058991e+01 -1.528282090730697007e+01 -1.733384583994711292e+01 -1.104591158662680961e+01 -1.083082468879542226e+01 -6.197952181841137609e+00 -7.471871088622783041e+00 -1.083346804284282072e+01 -9.111802824162609227e+00
-1.420844395558429341e-01 -7.298670817159794488e+00 -1.397490385891094533e+00 9.047810301982950776e+00 9.121018817443697912e+00 1.151745958679164872e+01 1.353371010883388692e+01 4.117935834762646685e+00 2.496495000206763848e+00 6.822593141176598763e+00 3.279134962107117524e+00 3.797894350151893583e+00 2.045658620725513188e+00 3.050738272648031213e+00 7.344985785717856430e+00
4.810262256701067329e+00 -1.231118579268228430e+00 -9.215203589859047639e+00 -6.451170689244286827e+00 8.303016337970907657e-01 3.482408752352997183e+00 6.282229262793744162e+00 7.359298614911589098e+00 7.649797429428711659e+00 4.891651684801324507e+00 7.505116385717701455e+00 8.587055024128492420e+00 2.987779862873870762e+00 3.028814218049514118e+00 6.472178552172229260e+00
2.339379523594726784e+00 1.704268690824529919e+00 -1.327360306312115767e+00 -3.962312561763438268e+00 -5.019955200497586034e+00 -8.067515096997048829e+00 -1.108028000560476301e+01 -9.244152291838414470e+00 -2.881851843048287343e+00 -8.147232400178108236e-01 2.247500312896395513e+00 4.811034537957822543e+00 -6.052027462926545809e-02 3.231391242722082779e+00 4.412794708730105597e+00
