-2.331219922931001065e+02 -2.307832070753864571e+02 -2.410813355291882090e+02 -2.443241369820575812e+02 -2.464424562161910615e+02 -2.419217260643527823e+02 -2.393095526269939057e+02 -2.314881229472809423e+02 -2.018628890030649643e+02 -1.883920497825189386e+02 -1.758273364588877143e+02 -1.514803284367412459e+02 -1.510288418043027718e+02 -1.714870597051834125e+02 -1.916777266933492001e+02 -2.062016754857502860e+02 -2.142394631198912975e+02 -2.266115045995426840e+02 -2.370865568068707034e+02 -2.475763257428896509e+02
-6.197700072896932255e-01 8.804889599596144478e+00 1.884759035099245494e+01 2.239375143150044778e+01 2.201138083969792802e+01 2.868891907618375825e+01 2.983374361831781840e+01 2.811153251825875543e+01 1.576558720372613109e+01 -2.123875017929111486e+00 -1.098679373078303101e+01 3.107690044295553733e+00 1.206515517463523146e+01 6.492680456322274196e+00 7.292700132943762625e+00 1.542878469691048160e+01 1.402750646423323388e+01 1.003299920160164049e+01 1.566713963034442081e+01 1.334190874277930128e+01
2.499335593151214852e+01 2.208220807455177948e+01 1.980534158232607211e+01 1.937455167633191877e+01 2.059400306571674832e+01 1.462963833316764628e+01 7.318754474863668591e+00 -1.392578404577005990e+00 -2.355632657630433613e+01 -3.766638892410576034e+01 -5.146430174341772101e+01 -6.382508805130198937e+01 -6.968473344713997619e+01 -6.193470082989843206e+01 -4.622052843685126078e+01 -3.635396123314807681e+01 -2.556757965004046085e+01 -1.099333915788540494e+01 -8.539502098607783864e+00 -5.861417464343397832e+00
4.469448461800664063e+01 3.503617732499677828e+01 2.620045347446089323e+01 2.122313446631451939e+01 2.269463441292782591e+01 1.676963740380843859e+01 4.914724460849915211e+00 1.349506732425820665e+01 3.305245165811103192e+01 4.931573079903908763e+01 5.931982718605416238e+01 3.595614274548687916e+01 2.069103634757738419e+01 3.202943959445315159e+01 3.887012579211499741e+01 3.344395360082616264e+01 2.867915876588440938e+01 3.511059876771875565e+01 2.990358423449722025e+01 1.737958676142622849e+01
-1.002340831599445714e+01 -1.129601384558570132e+01 -4.993937648843514765e+00 -3.282886742116689405e+00 -4.570014603503842920e+00 1.535108911491782635e-01 8.140365353545298888e+00 1.433298763221505467e+01 1.982795522764752860e+01 2.443471937595216303e+01 3.410969306633323583e+01 2.916152025649122237e+01 2.513344590253293376e+01 2.750243256373142486e+01 2.940412785782608296e+01 2.928535249180542621e+01 2.196002847710693118e+01 2.136961484380980281e+01 2.544294530549423783e+01 1.825554723335961782e+01
2.048730566975095257e+01 2.306324490677460659e+01 2.200360895742715428e+01 1.865978174722704708e+01 1.340556798535366845e+01 1.108822953822473600e+01 2.206323033752405749e+01 1.543983362189658237e+01 1.594245269250177088e+01 1.770818425085473891e+01 2.752552543556942677e+00 1.294899804854335201e+01 2.075425826148234165e+01 1.885565291684180877e+01 1.372956560933809556e+01 1.015912341953664288e+01 8.386828256022250017e+00 1.303762010224908963e+01 1.938600043696872177e+01 1.503468446310722939e+01
3.990381940274458472e+00 5.584988367948636068e+00 8.868242576495617868e+00 1.464032256811951882e+01 1.378086480327456442e+01 1.191509280786818792e+01 1.177404245511121772e+01 9.767754542230719039e+00 5.299481862679300548e+00 -1.919584610986966311e-01 -2.763468995239601433e+00 3.473570521763241103e+00 9.962007860473161003e-01 -2.935225421144052493e+00 -9.586372147197970151e-01 4.179791710286113293e+00 4.600967993196451999e-01 -4.558207641981317337e+00 4.571065780769636433e+00 7.744569448838904080e+00
2.985422963186282086e+00 1.183046732227754916e-01 1.193815766994791971e+00 8.530937905366855034e+00 9.294612200045811790e+00 9.628334054727350377e+00 6.881452123509407492e+00 5.916024167821218427e+00 -5.950000382839351509e+00 -6.996753735546485942e+00 1.807770632716150772e+01 2.441482769592736446e+01 1.680074040759974352e+01 6.149713920090446706e+00 2.415648129370746133e+00 -1.063031388058396587e+00 2.118372124926962030e+00 6.373596639757360904e+00 1.360447208478822034e+01 1.225425013114564976e+01
2.606967328414916096e+01 1.932651271202053067e+01 1.712757173042615477e+01 1.696048566304806116e+01 1.242693105730542769e+01 6.018761962448170522e+00 7.259153047726663033e+00 1.514797657554050048e+00 -2.738000207428230581e-01 1.820390160654007872e+01 3.369136376580130587e+01 2.199275927984723467e+01 2.099477087817414400e+01 2.113317741005235817e+01 2.277821248084639905e+01 2.173342510545007400e+01 2.476079761210610997e+01 2.541612140614058646e+01 2.294091051319220043e+01 1.701589038414874011e+01
8.723451071154797454e-01 -2.070854577134970675e+00 6.408492268504531353e+00 1.161999250962221630e+01 1.299224130826105394e+01 9.927721650631667671e+00 9.329237630922293079e+00 1.049525339173863969e+01 2.246576890045021813e+01 2.073080980270377793e+01 7.958288822937893414e-01 -1.288117713350363402e+01 -9.131687186764382957e+00 -1.518012970478558543e+00 -1.324400490663270702e+00 -2.179947838305683838e+00 -2.758245970786163959e+00 -3.147155189652971252e+00 -5.022113402339461352e+00 -7.221503897178144449e+00
-5.363903322331493584e+00 -4.644124968277727916e+00 -4.415862780023851464e+00 -2.848222900374977939e+00 -1.282160228846777272e+00 -3.582065630817703461e+00 -6.111318983951626649e+00 3.644840071828048700e+00 1.235881412768065779e+01 1.555720596915153742e+00 -7.408622640582777308e+00 -1.113781634402112530e+00 1.858809335315961597e+00 6.198216609340565952e+00 4.952397562853560586e+00 -3.402611485914659450e+00 -6.309481909035132396e+00 -4.207002255894805920e+00 -1.044807581162781673e+01 -1.187292444871568797e+01
9.451183894043511557e+00 1.489605496946587238e+01 1.697943690598852839e+01 1.494900804892526480e+01 1.453936237875630866e+01 1.216258025685941035e+01 9.391426522541721056e+00 6.606618454906230120e+00 -3.457226789884085605e+00 1.340485738343148547e+00 2.107051483868703556e+01 3.297168579498143970e+01 3.325128548780604376e+01 3.089829161146762004e+01 3.136157553699218425e+01 3.257679384486055341e+01 2.322173651551432272e+01 1.930898147694421496e+01 1.147027318434037113e+01 8.323669227902552592e+00
-1.790313385209478980e+01 -1.528053683095524029e+01 -1.042547708077524149e+01 -7.362843942489959659e+00 -6.908056279872826444e+00 -4.395318665912730793e+00 -8.226081891476212604e+00 -1.215467933675975942e+01 -4.425618670459694926e+00 7.686529529177862585e+00 2.985590898569037144e+00 -7.001921957580372613e+00 -1.138520343547044611e+01 -1.530639671577085892e+01 -1.688129559644926303e+01 -1.730238558453823217e+01 -1.782361036508044450e+01 -1.551424689024046621e+01 -2.269371925420261960e+01 -1.845252851255235171e+01
2.930164673278233600e+00 6.925073411733530193e+00 1.187604547060508153e+01 1.115334921910025834e+01 1.058396996115330602e+01 1.238347035699502285e+01 1.131162444161482483e+01 1.172436664973140630e+01 1.520626042527099386e+01 1.225733478752441563e+01 3.569862803225412051e+00 -4.047278564647379895e+00 1.785270074741590385e+00 9.916470951253121058e+00 1.059412562901483668e+01 1.342275572815268347e+01 1.300682517533096316e+01 9.936853906237118395e+00 7.332956197566058876e+00 4.078322460045598064e-01
-6.480452046327398463e-01 -3.865162867756636977e+00 -6.018848248875874773e+00 -8.035342598496017175e+00 -9.613249004409993859e+00 -7.067012196596698104e-01 9.491747953989841946e-01 -1.717321017332119393e+00 -1.409165131414308192e+01 -2.517143914200078925e+01 -1.322736848239389928e+01 -6.426176955000708624e+00 5.847128889229171733e-01 -9.892705228253024785e-01 -2.066008535169101989e+00 -8.814442794104966339e-01 2.909684446154852111e+00 8.832866816463438298e-01 1.562221651085598850e+00 3.177509136650666921e+00
5.831417922351283423e+00 4.594501437386492526e+00 5.801238252486610847e+00 5.212641739089834303e+00 9.257064913798048522e+00 1.431593545394729183e+01 1.543468369033055332e+01 1.104320408721430979e+01 5.819857827900742464e+00 5.344790536427648675e+00 1.026718096271329017e+01 5.420927436705840208e+00 5.366816094360990164e+00 5.299273814269310989e+00 1.003344667867744278e+01 9.587418674639824445e+00 9.201701015223811453e+00 1.337323302170878137e+01 9.764081070080775859e+00 7.436480294648701417e+00
4.054015042205826980e+00 4.589065389788377303e+00 5.808996660671231105e+00 5.107016665975624647e+00 4.472500849056345373e+00 1.068037594015797787e+00 3.211558842488475563e+00 -5.969550202699798191e+00 -9.646525078452578228e+00 -5.036148748664137642e-01 -1.995029925663759141e+00 -5.912677148441481734e+00 -9.937795562434507346e+00 -6.143650272291687031e+00 6.402105111515536962e-01 5.062129831927737023e+00 -1.571644426496952462e+00 2.649526455963532534e+00 6.812564474619291488e+00 4.003338693636409928e+00
1.987731854146443045e+00 7.001618626525402789e+00 8.372914897540766788e+00 1.088571231613086709e+01 6.896566414625161734e+00 -1.741740368206263767e-01 4.106446440020357969e+00 2.715750450504987867e+00 8.371144666692499570e+00 1.577042115389721388e+01 9.435602555228214783e+00 8.925529818026022966e+00 8.968434828038358120e+00 -2.609937197145271170e+00 -6.423371578989141462e+00 -4.344790482961320421e+00 4.932462357998057989e+00 3.449749739171773744e+00 2.813974716687364097e+00 4.243260362776942962e+00
-1.260405581467031055e+01 -5.997625432838091797e+00 -1.587400922267931946e+00 -1.318887801825625594e+00 -2.805545654581369064e+00 -5.814907345974686947e+00 -9.845090963576858201e+00 -4.428477384706933861e+00 2.990688338243243649e-01 -3.152292906176694665e+00 -1.627476448375360540e+00 5.085400014085267983e+00 9.840515035686063783e+00 5.087668336177404882e+00 5.549704157042283370e+00 8.437882130678842074e+00 7.057053189122402870e+00 4.720808274796650217e+00 3.912297479548482393e+00 8.321093375597058639e+00
6.015214635703779678e+00 4.122561057847052624e+00 2.702009345467654811e+00 4.522434309116638573e-01 3.851881837255941132e+00 7.915522521854830629e+00 5.550361304091678605e+00 2.952842813856652704e+00 -5.490401220039743180e+00 -4.328369054063863075e-03 4.206669906997549724e+00 9.203693018297155248e+00 7.193434616108966395e+00 1.723403197302990186e+00 -1.218817666618370765e+00 -3.462587716860436871e-01 -6.670292227539071916e-01 3.278411551418969339e-02 4.044779217266879279e+00 1.701963465574366285e+00
