-2.594660593998480635e+02 -2.498581414661871918e+02 -2.510480454998806579e+02 -2.547466910029770872e+02 -2.571573776268625693e+02 -2.493086403116610086e+02 -2.424255314532298939e+02 -2.159320585920336271e+02 -1.940301196373661696e+02 -1.824224726783272672e+02 -1.743315772245047697e+02 -1.747357049605476789e+02 -1.861490980766429573e+02 -1.995052993114745732e+02 -2.114478124658392915e+02 -2.156237062269885314e+02 -2.108982048291279909e+02 -2.179761937437788504e+02 -2.191939101688383573e+02 -2.266025037397643302e+02 -2.410987251541019134e+02 -2.398564917622959172e+02
1.978993189945226661e+01 2.612028569831777958e+01 3.023660512072969198e+01 3.121322004600832400e+01 2.784963952944418253e+01 3.415544710610722490e+01 2.936191943317156472e+01 1.938461172507421537e+01 1.168056934774385525e+01 -2.110845589015637458e+00 -1.302177355057608565e+00 3.416742522519874647e+00 1.029656063263466237e+01 1.659342136223382269e+01 2.405897460846193070e+01 1.889116121579694152e+01 1.588927796531860892e+01 1.107924202339092901e+01 1.352069860903552900e+01 1.757306810300264743e+01 1.123714511776154090e+01 1.062228065619174977e+01
1.469161658638876133e+01 1.770197317260370440e+01 1.802717062894139133e+01 2.042463218799293401e+01 2.064430690529592738e+01 1.653448667677331585e+01 1.245652515755266876e+01 -1.434389920414392883e+01 -2.686057985562285211e+01 -3.609957131841024847e+01 -4.367787390003677217e+01 -5.220364135984073073e+01 -5.110457584564090894e+01 -4.048599325283374384e+01 -2.909912804525421137e+01 -2.126100808226888006e+01 -1.316077860268446464e+01 -7.647372261147078021e+00 -3.542168135011954266e+00 2.990035165390353633e+00 5.371457238148948043e+00 1.211216043527134900e+01
2.058555488226405217e+01 1.919384729071014561e+01 1.357233776094876276e+01 1.114007440650716418e+01 1.211937220273568627e+01 8.494642118486195770e+00 1.278934311536638546e+01 2.692417788229584374e+01 3.758143095507101350e+01 5.896092959236780473e+01 6.130658492269746063e+01 4.703461741513749672e+01 3.746455542730893740e+01 3.126318610630767836e+01 2.545811709196859951e+01 2.648193950364331783e+01 3.007767547789790541e+01 3.270115056027330525e+01 3.551871749933248168e+01 3.381380047931198618e+01 3.372980557294930293e+01 3.518373923926571933e+01
1.666755890808269669e+01 1.499583169892091483e+01 1.520813413459524455e+01 1.706838500888222754e+01 1.704467815317627100e+01 1.359541532863908841e+01 1.173721633617341809e+01 1.582520683954510687e+01 2.193163482833745448e+01 3.083089161479753670e+01 3.025263487312367872e+01 4.338936165987258420e+01 4.890410710828166430e+01 4.040847603410152544e+01 3.665432557547271131e+01 3.094930116123475727e+01 1.601616658490308964e+01 1.028424292489642866e+01 3.994053553133819712e+00 2.313445996121176407e+00 3.399058633300163557e+00 6.121613417810452873e+00
1.263418511545746270e+01 9.607698554669505953e+00 1.152389875712920819e+01 1.306656573607565619e+01 1.318437443023766420e+01 1.428284850834313602e+01 1.652189141840133857e+01 1.108210585525534242e+01 4.012028744241275646e+00 -8.818939727786947458e+00 -9.018790995081179318e+00 5.806435227848385949e+00 8.564225010809281002e+00 3.061900397523119821e+00 3.392962088785820285e+00 6.133647389101981595e+00 8.184971286042136640e+00 1.632506236695702029e+01 1.077102333911908616e+01 7.521504270432443739e+00 9.795778434872072893e+00 1.508499587366980776e+01
8.527000680460318449e+00 8.560189539462092156e+00 1.100686294299041634e+01 1.039499032461712957e+01 6.713778959782173317e+00 9.231245251794122808e+00 1.575178384459287173e+01 1.950733967997308227e+01 5.998820993820412895e+00 -3.910908086012403029e+00 -4.460269969584539140e+00 -3.482994402045266114e+00 -3.443201941548493572e+00 -4.125783469383287994e+00 -5.957909714785712296e+00 -4.715189560901007937e+00 -2.035222212519600671e+00 6.023532611001320092e+00 3.930451679938093967e+00 3.825321435431753514e+00 9.932123953640530800e+00 1.259593994590926336e+01
1.614839582976835075e+01 1.675822920683204487e+01 1.337528182905330354e+01 1.297416326301289757e+01 1.683249966387089458e+01 1.896624313548605301e+01 1.893884600212775382e+01 4.596507544916015320e+00 -4.592305280826796121e+00 8.313541922056995048e+00 1.919520760204963850e+01 1.208404163703383638e+01 7.986622894758395930e+00 1.491230900341120602e+01 2.075359878601273422e+01 1.753528886287836031e+01 1.799268668624669232e+01 1.668990722369414215e+01 9.155560626328492546e+00 5.876303880069704277e+00 7.088691365436587510e+00 1.113430466331601920e+01
2.111170452206392767e+00 2.086939114113590676e+00 1.378136922899608763e-01 2.513838170510627634e+00 5.386686423996839501e+00 3.463501501606203625e+00 3.143214054546422886e+00 -4.155810431960882845e+00 2.350797248594296285e+00 1.611422401581345198e+01 1.846745563474897267e+01 1.418974134325215886e+01 1.529166809856454634e+01 8.492258418904828687e+00 5.768870693159156460e+00 9.098166365709680292e+00 1.905521385952414448e+01 2.314815920377034431e+01 2.236475511655192960e+01 2.046515558891122311e+01 2.308184378014625793e+01 2.277981097745363925e+01
7.591443055074881485e+00 6.020066319721716575e+00 7.417739060167539478e+00 1.123108847503609908e+01 1.274634283972499205e+01 8.419969202407878939e+00 6.956000638341591547e+00 2.019857542146462492e+01 2.437148122606223311e+01 8.046721700841352742e+00 -3.038013543351748780e+00 7.750634091163311368e+00 1.039876906672361478e+01 3.862174028412824534e+00 -5.303053473199632606e-01 -5.467357849881800291e+00 -8.334637098680479639e-01 2.434668160663588932e+00 2.919833461674716801e-01 1.127763892662096978e+00 2.393584082116701151e+00 1.471593748300668025e+00
-4.065736959594000055e+00 -5.832336303417367418e+00 -2.806760694089199148e+00 4.116967369706845403e-01 -2.321792905031521581e+00 -4.664238009947158758e+00 -4.461518298144172334e+00 4.948589120458311008e+00 -3.477043578469037666e+00 -9.383793861292954119e+00 -3.395797280301442012e+00 2.800861743670232329e+00 3.972681449167537515e+00 3.605807352422496947e+00 -2.773449241412999200e+00 -4.605937775970017967e+00 -1.668856524551419085e+00 -3.460064688911804964e+00 -5.413193389012739054e+00 -4.452228403405197099e+00 4.040645547159531503e-01 3.124997918852318257e+00
1.124316041624961571e+01 9.490855995650363752e+00 1.326413611716187546e+01 1.006470844970115053e+01 7.544759471088934077e+00 9.788449745159990556e+00 1.006019104118544938e+01 -4.304959187628894846e+00 -6.963070781122426389e+00 1.282520596635456300e+01 2.159877761580819211e+01 2.096847167941665546e+01 2.271153670981126282e+01 2.329433046263346796e+01 1.986818898745875828e+01 2.020863457412274045e+01 2.060782322235127140e+01 1.586171758101021112e+01 2.186551328275554340e+01 2.740005411666275492e+01 3.352187557487744130e+01 2.048195422075830763e+01
-4.603269138193056165e+00 -4.776488862579117090e+00 -1.812814749932141201e+00 -3.201282637297899747e+00 -2.931762857322883331e+00 -5.014758281637232251e+00 -7.069863457605648271e+00 -7.117220919561560777e+00 2.735337706933232305e+00 6.600669639711354897e+00 9.930830400517161038e-01 -1.244173392561887681e+01 -1.845649084612771418e+01 -1.402484759181381690e+01 -1.083410115420573305e+01 -5.913429845191256362e+00 -1.165586475158557356e+01 -1.852862923792694616e+01 -1.467378615624619798e+01 -1.254224619906825922e+01 -1.332978839903267243e+01 -1.330391167111559625e+01
-1.176457693740844412e+00 4.730457722206020676e-01 6.057842525463964733e+00 8.287169269862115328e+00 1.003851009764524704e+01 9.780405195908199900e+00 9.638495085922091477e+00 2.560686316841784915e+01 2.018214332833377256e+01 1.654555048666752626e-01 -3.100710460926575429e+00 2.143537874982324620e+00 5.972791370800356603e-01 -3.722230932175723872e+00 3.262682473672113392e+00 9.866763603520158910e+00 9.961253658382601017e+00 8.716309391753366498e+00 1.658296626638636795e+01 1.465721358308850952e+01 1.420951185920358917e+01 1.040392478477421356e+01
-3.819698516098222196e+00 -5.639824607081181718e+00 -3.426122142637224144e+00 -3.246223446345930519e+00 -4.389284958314331853e+00 -2.866967475005768318e+00 -1.391663323183492729e+00 -2.028138128168746501e+00 -1.656389663931080491e+01 -9.920263000052976565e+00 1.656104483791263959e+00 1.321090404338520230e+01 8.812542427435229087e+00 2.168121298263892882e+00 9.372875951389993077e+00 5.057788821756474817e+00 -2.062056237153877092e+00 -6.266212666839908962e+00 -3.410612763597083319e+00 -6.671011547107337236e-01 -2.520281078082484694e+00 -3.511889362195476316e+00
8.631948202601115838e+00 5.977698977223905530e+00 7.787706704495869658e+00 8.310988515046886960e+00 2.820972964497662439e+00 5.432983221619284819e+00 8.207724234363521276e+00 6.264631349171478902e+00 7.122931497997463168e+00 1.270324223242700867e+01 1.686243517262716907e+01 1.096537304154045600e+01 1.136451969372260962e+01 1.354846597009406217e+01 1.225146191647766258e+01 1.555600240949162050e+01 1.505214127545125002e+01 1.149383442960619028e+01 9.392941334627234795e+00 6.118060143135403806e+00 5.049381480628183816e+00 2.799548450291437618e+00
-2.663650499791774262e+00 -3.026968084531256320e+00 -2.390498287487048401e+00 -3.162270639345309498e+00 -7.520130215633658466e+00 -7.344192531028174820e+00 -2.147874236982504126e+00 -5.246377411148452907e-01 3.348487931783642679e+00 1.021228614264659385e+00 -1.633496482034249020e+00 -6.530341575758471073e+00 -6.720563515473203076e+00 -8.550250084482954094e+00 -6.419424044343765345e+00 -5.445992818717268591e+00 3.995294187938851493e-01 2.896917803698261906e+00 5.857260502855172746e-01 3.140062072924289183e+00 5.979320373858248772e+00 -5.827047423546694027e-01
1.024500204353986632e+01 9.070110068435386808e+00 1.165275740218548428e+01 1.206902045008776625e+01 7.117425395651173936e+00 3.630169432612746938e+00 4.293595944063119063e+00 7.604859757162457434e+00 7.817786775742762373e+00 4.681181576330100569e+00 9.795050124321569740e+00 1.108187470211535341e+01 9.798898385412122991e+00 6.716541854024882241e+00 8.021636210942052259e+00 3.826635928947424325e+00 3.506988920094929796e+00 5.509747723619511817e+00 1.543972587068517921e+00 5.990621794450996518e-01 1.463848211831661583e+00 5.884324463531775962e+00
-3.464595133561476636e+00 -5.644278305171364529e+00 -1.447773713150692920e+00 -1.121241925819146168e+00 -6.264601431293570499e-01 -9.677943903053378705e-01 -1.475351228862980868e+00 8.095774280543386325e-01 -5.703860162752345531e-01 -4.614759066496509021e+00 -2.600459567459334043e+00 4.707834319121282363e-01 -1.355553583095758352e+00 1.881387835483788074e+00 2.044484758766515142e+00 -1.376220907884180278e-01 4.116385666133520971e+00 7.647407260045689270e+00 5.040175807100404803e+00 3.488927982403984274e+00 3.504636192212129409e+00 1.150244873686449942e+01
-3.729843430380705982e-01 -2.653626663623215087e+00 1.820845651629505735e+00 4.195883664215346975e+00 7.008970276042008507e+00 6.382702387183959658e+00 5.568227292428245434e+00 5.029862283596775896e+00 3.567343036704927695e+00 9.698993970132919529e+00 6.289972537259965080e+00 3.440558373872888875e+00 5.514334155562091055e+00 -4.919163264825421322e-01 3.318977733138165132e+00 5.021464238646959899e-01 3.144079106924078104e-01 2.828994550423496346e+00 2.197931357500086946e-01 1.380552974034117586e+00 -2.999068804247154496e+00 3.203589720710237732e+00
