-2.602687896251322286e+02 -2.538880248452077240e+02 -2.566692093864676849e+02 -2.542410276552360529e+02 -2.555783300275909085e+02 -2.616286290966750130e+02 -2.654161423732103344e+02 -2.681379477418547594e+02 -2.464690301587041859e+02 -2.012161553253405657e+02 -1.765327980306238373e+02 -1.808629233413994086e+02 -1.822117082133265171e+02 -1.856031396113911853e+02 -2.016841927404393573e+02 -2.157900020044685903e+02 -2.248739158308026731e+02 -2.362973511010243044e+02 -2.405129204573287893e+02 -2.423220134439108904e+02 -2.457803858952512996e+02 -2.520265471609184544e+02
2.765683948053801089e+01 3.085385809687760172e+01 3.120130595800779716e+01 3.630397255852444971e+01 3.553617082330105603e+01 3.016143868106075843e+01 2.876339934495166872e+01 2.933649048003346138e+01 2.837612343609566068e+01 1.506061179120471749e+01 3.080951610726545997e+00 -3.875279200178079364e+00 8.063584087082801943e+00 2.429488158093109007e+01 2.858729056075044994e+01 2.710527808160441410e+01 3.101820115447258530e+01 3.188688626364251277e+01 3.079938592153202137e+01 3.093922270960226939e+01 3.037284402176462450e+01 2.894367459721055269e+01
1.618134234427528995e+01 1.220860803740515621e+01 1.168258364510348990e+01 1.382109037219521852e+01 8.538012794516681936e+00 9.657187060289505354e+00 1.729789775445360789e+01 2.501460390673806344e+01 2.473100362633635640e+00 -4.532641053447755297e+01 -6.105670926048985336e+01 -5.791783078835851484e+01 -5.973569257429559798e+01 -5.852920018792920587e+01 -4.535108088530420645e+01 -3.188758430072093120e+01 -2.205590056374749963e+01 -1.016749726471333659e+01 -6.515028666393148704e+00 -6.882257399482522686e+00 -2.824272114612497830e+00 7.928851852405403022e-01
2.777889384508399218e+01 2.361366923198170298e+01 1.481853121276639129e+01 8.117989229731474410e+00 8.366927298902552934e+00 1.036082423397021657e+01 1.298659853787117235e+01 1.994230205276304702e+01 2.262229544764608491e+01 3.084071193408158607e+01 5.230643809337517780e+01 6.312106376632761595e+01 5.275973540613554036e+01 3.265277345831854916e+01 1.934398738102465387e+01 1.905839177364435955e+01 1.956749904455450562e+01 1.788811556365580913e+01 2.643163120048699710e+01 2.372611596325827321e+01 2.445942588451778832e+01 2.094371842305276843e+01
1.022134668748156727e+01 1.408570129867294440e+01 1.431710170583399488e+01 1.105713976769941276e+01 1.441717161662409197e+01 1.354697099037770691e+01 9.450698433467330517e+00 6.278676424429407099e+00 1.222935650986547351e+01 2.579247490737382975e+01 3.686600696937427557e+01 3.967851036731289582e+01 4.675090477105142384e+01 5.323737286836249893e+01 4.489035517262586694e+01 4.065938949067724195e+01 3.857468189482666077e+01 3.537009333984225634e+01 2.873674442506030147e+01 2.752266160713531207e+01 2.381393440778279569e+01 2.082894772818172058e+01
1.404829082127017337e+01 1.860356669997669599e+01 1.836586774233828123e+01 1.801123247297544339e+01 1.692190715420253611e+01 1.330815428118117261e+01 1.294087095541364896e+01 1.188283850335198188e+01 1.831932209872510597e+00 -6.523146112924900208e-01 -9.132916178671733221e+00 -1.644326318927898001e+01 -9.004933875973474500e+00 4.347686712597596426e+00 7.766657606719407525e+00 5.721665540721627252e+00 6.142624945171206718e+00 1.017189157931718135e+01 3.418275342044692522e+00 2.421474340708406281e+00 -1.646085072034441765e+00 -2.926029770452102774e+00
8.940598933390486280e+00 1.188966965910492135e+01 8.966724871191514623e+00 5.173811219944021822e+00 6.045328129788458682e+00 9.348904331445712756e+00 1.084069592576947905e+00 2.440732754291836670e+00 7.313546879457238248e+00 5.256358427601339756e-01 -7.078521895290489141e+00 -9.673387311527269716e+00 -1.016762135416653834e+01 -1.456716108319859870e+01 -1.752403954465997060e+01 -1.587125228281627010e+01 -1.167102488012501027e+01 -1.470406629344726390e+01 -2.479480631568927507e+00 1.572539545511217440e+00 -4.751831119337488474e+00 -1.827556936220896766e+00
1.516596321993215923e+01 9.303040579405562838e+00 5.073581820054750224e+00 8.732680455975140532e+00 1.306362281618798704e+01 1.107939533559761713e+01 7.584306864838397111e+00 8.693769749047866924e+00 1.491016838327891314e+01 1.030305643710735808e+01 1.972835575131504626e+01 3.050739041739850066e+01 2.582555688995715926e+01 2.250512145889365812e+01 2.246423186324863863e+01 2.376543075870737809e+01 2.950551772263222006e+01 2.806828119709378910e+01 2.734662704344940209e+01 2.687451036388906900e+01 1.985551562312025453e+01 1.968783370422787016e+01
1.807615571970288215e+01 9.598968148240480502e+00 4.163778286832280351e+00 4.745533944500070156e+00 2.141070446273189987e-01 1.089241985009392621e+00 3.791012726817557521e+00 2.507398401532737964e+00 -7.122900492425839225e+00 4.097027324797894998e+00 2.029894201478818516e+01 1.587872361308518876e+01 8.235894173462849466e+00 9.879810269575330040e+00 1.191078539761429411e+01 1.491458132687820459e+01 1.648239052758422929e+01 1.715511896160150229e+01 1.165915772169153009e+01 1.062366546877583673e+01 5.853395869828560194e+00 4.305580278681853557e+00
1.777196159595498415e+01 1.780277206755760488e+01 1.187859708751824250e+01 1.077464474372550640e+01 8.672561437447164678e+00 1.071582300406888777e+01 1.089912791998417774e+01 1.180992755395741867e+01 9.641274563279090160e+00 1.370640730337600033e+01 1.766438709174374733e+00 -1.109448641892107901e+01 -6.072171002137811691e+00 3.040345999050133585e-01 -6.087338832150381407e+00 -7.214170561693904915e+00 -1.095132720678692806e+01 -1.259430589137898338e+01 -8.335912934348659320e-01 3.633496637056430334e+00 4.329680012293449565e+00 5.934827662558788575e+00
3.220480159331949643e+00 -7.045840504634623969e-01 -7.658263838444588245e+00 -4.478143385484008476e+00 -3.959922049531377386e+00 -2.708647380715047959e-01 6.208022751920685423e+00 6.601570755059824158e+00 8.558406267665152001e+00 -2.425147013580567723e+00 -8.682770556323832878e+00 -6.400351922500744806e+00 5.669760234529075404e-01 2.580297101700899098e+00 3.849979964021099654e+00 1.513443516877185147e+00 -1.070432611930892897e+00 -2.511989798088635428e+00 1.311879918215172580e+00 -1.318583660664319090e+00 -3.878964779800014639e+00 -1.608654254923487237e+00
1.001098394118381840e+01 5.742319023509448783e+00 2.367545806914517659e+00 6.496010896900507703e+00 6.062609734526468230e+00 1.340004191658015387e+01 1.661649433226901351e+01 1.103644065690759035e+01 5.552581044363119389e+00 -1.487858626491530778e+00 1.154529804201916576e+01 2.370063757890137879e+01 2.718837585145524471e+01 2.626626406883926990e+01 2.749385397360978800e+01 2.932789758639962940e+01 2.953611224187791251e+01 2.907244200015783520e+01 1.636962789527667894e+01 8.339543861839072036e+00 9.655363384960999440e+00 8.214487086416106365e+00
-1.927446162184820011e+00 -4.429038797287242701e+00 -8.805542834191001589e+00 -5.755587940125807656e+00 -5.775169726520285707e+00 -2.967682345015633771e+00 -2.806281102823886542e-01 -1.867262102643361121e+00 -1.288945086685044039e+01 -5.351653761385372299e+00 -1.723522065609211396e+00 -3.959553276548322120e+00 -1.300175443228358851e+01 -1.823512150415362143e+01 -1.683747899580200524e+01 -1.660659900051938820e+01 -1.712942946139359890e+01 -1.628746064052830889e+01 -1.339381644274704541e+01 -1.157253225119013607e+01 -6.168941983913969196e+00 -4.901757518813937509e+00
8.464157808751069823e+00 9.605158631684565407e+00 9.444936798630736874e+00 8.274508554513952063e+00 9.875975390169216439e+00 8.241040758434573732e+00 6.948798051077188731e+00 5.810285995586918162e+00 1.457333556565597377e+01 1.358385465815042537e+01 3.163539391515015620e+00 4.322600698618050075e+00 4.916504766813330818e+00 2.336386549299316329e-01 -5.015788780848528639e+00 -8.359541131192965935e+00 -3.580562208642472655e-01 -2.764132008681046138e+00 -4.070488973995685988e+00 -2.559998125139629543e+00 3.208332788876438801e+00 8.514114077828123683e+00
-7.900028551352537676e+00 -8.419277279952678938e+00 -4.399857722950050842e+00 -4.959360497846049931e+00 -4.079361401521346409e+00 -3.821304217766468447e+00 -2.871728858076973978e-01 -1.733386784322220819e+00 3.073856739745195910e+00 -1.045232942642653562e+01 -3.675508140740539442e+00 2.860891811324401068e+00 1.271214390944255079e+01 1.323025424142388573e+01 9.064716054912491217e+00 9.858900821760109068e+00 1.196844046435847631e+01 1.490129425972168775e+01 2.483027683726566792e+00 -2.779437834125452866e+00 -7.816985015794939429e-01 2.680624975215836869e+00
6.040602228939603080e+00 5.062393232771968954e+00 6.951275920847615808e+00 3.387238944498411453e+00 1.192381580447859690e+00 5.567756151854083235e+00 1.367627154133138845e+01 9.027553028258118673e+00 1.326380192731996033e+00 2.175341610972542750e+00 7.704987108242010052e+00 2.649448655186742219e+00 5.374570941164355631e+00 1.213094173248038565e+01 1.067986234128122547e+01 7.733409344601223978e+00 2.540261975821783924e+00 1.704288509174558541e+00 4.073797141162341262e+00 5.544503876849987911e+00 6.527820976219494753e+00 1.742206218469526391e+00
-4.753054013396802446e-01 1.788488064814774958e-02 -3.622687913372701907e+00 -5.559946961434796719e+00 -2.784243490919221742e+00 -2.334385715659700100e+00 4.962819789741317322e-01 -3.987504764979200367e+00 -1.145724387530524524e+01 -6.331455268636193345e+00 -6.590354906881757735e+00 -4.514321779907927379e+00 -1.096568127552299643e+01 -1.066504379387734858e+01 -3.942581900005487583e+00 -3.881483386937651492e+00 -1.097657217756144732e+01 -1.134189476041532174e+01 -6.497670819680779530e+00 -7.563877338746176626e+00 -6.630448261676471944e+00 -6.051517612093467946e+00
9.945249902663885422e+00 5.683276954485773302e+00 -1.906168067461401883e+00 -1.656701041108021855e-02 5.718573398705667721e+00 7.576766200991983169e+00 5.930536306197266683e+00 4.527618116876860554e+00 8.357626308711431307e+00 8.908926374082604127e+00 9.454323466248050423e+00 1.264994722696725660e+01 7.400241366630266882e+00 7.353067854815926729e+00 1.470975881419997222e+01 2.057365143646545391e+01 1.864861626955960361e+01 2.098354326391904934e+01 1.422741259449200157e+01 6.794372181375674558e+00 5.713144110226885175e+00 9.469435324812710775e+00
-6.841331558619133446e+00 -6.526229486952099812e+00 -9.391224607986847772e-01 8.330225014872398859e-01 4.244261873688914832e-01 -1.425552931439035831e-01 -5.295357703584366860e+00 -3.265011180285899428e-01 2.988907703175326169e+00 2.750111409090458814e+00 4.328348798168973666e+00 3.443476737657160669e-01 -6.527785064703015117e+00 -7.969776007162781895e+00 -2.489955036990537440e+00 -2.086544737333916544e+00 -8.586943388170263702e+00 -5.009735848526243984e+00 -3.358040833289157590e-01 -9.634421907390589013e-01 -7.920051892835502372e-01 5.592631255088992503e+00
-4.247053652957472281e+00 1.352344608018205108e+00 1.400376030605452371e+01 1.194398714496016289e+01 5.852411755019238271e+00 3.368357061758563642e+00 2.917218439834054600e+00 8.147905457746340119e+00 4.767005011861018993e+00 -3.314986787882591379e+00 -2.491546912091369137e-02 -3.226860957637187610e-01 -2.785365463400466979e+00 -2.653111530262505013e+00 -6.361161750351980615e+00 -8.694269627364688446e+00 -8.888226328089675832e+00 -1.024864765131903965e+01 -3.222318616987770667e+00 3.360004466497102271e+00 3.391660369857740776e+00 3.599844538732613675e+00
