-2.603627671063591151e+02 -2.269301585423700658e+02 -1.976579542841046191e+02 -1.831017271934819917e+02 -1.808268328977623582e+02 -1.845613371594411944e+02 -1.896420783078847592e+02 -1.995706710769656809e+02 -2.103077467118367281e+02 -2.211684369567668114e+02 -2.364137171847876857e+02 -2.408443569243098921e+02 -2.382061925785094729e+02 -2.403954837198293433e+02 -2.315063797175560865e+02 -2.323348362998413563e+02 -2.435201317506603118e+02 -2.444202603641618339e+02 -2.436486258374498277e+02 -2.395862912418403710e+02 -2.416027232102591427e+02 -2.449061689260182675e+02
1.982158970467404302e+01 1.764753502910070182e+01 1.523127291084959900e+01 9.915761199926157232e+00 1.262023224438132196e+00 4.077091597966436609e+00 1.492121867190583551e+01 2.079794507304656292e+01 2.542912422347220769e+01 3.059751676066822057e+01 2.595286991557109246e+01 2.355009255673255097e+01 2.539200421994587487e+01 3.051124864668724967e+01 2.985807086773403540e+01 2.620410375930836011e+01 2.057351037015364881e+01 2.263767649729624054e+01 1.915862685403608268e+01 1.752099653800376444e+01 1.907197078921825195e+01 1.732979170708378547e+01
8.029616980550450478e+00 -1.439011755760494360e+01 -3.509570942118743631e+01 -4.223427393643249417e+01 -4.420071723886163539e+01 -5.331926904970678294e+01 -5.508970382540523048e+01 -4.141817860409068430e+01 -2.939382333640356393e+01 -1.686058719749803458e+01 -7.549502339645774107e+00 -2.664530457379679973e+00 -1.429278765494449210e+00 2.712200126957820423e+00 7.750336767114684555e+00 1.057903594633114608e+01 1.006093913642598636e+01 1.622289919481708154e+01 1.884826319845847209e+01 1.859380769295766811e+01 1.437503646462947060e+01 2.404580736150132836e+01
1.102953030318114358e+01 2.367017690399877949e+01 3.931132463578735781e+01 5.279485432130223899e+01 5.944611481972135891e+01 4.764616003381270559e+01 3.197705751451414358e+01 2.936865072129955934e+01 2.806537373553741688e+01 2.548297778910126965e+01 2.323586542547423051e+01 2.036380071627343469e+01 1.605228482653519251e+01 1.675638613556964884e+01 2.596060935182695317e+01 3.805256400470584310e+01 3.692038937676506549e+01 3.740811210458073077e+01 3.878766168756688870e+01 3.943038165532406936e+01 3.229296559359152496e+01 3.963872917700375353e+01
1.170352117284686599e+01 1.348885824013397539e+01 2.343444285575191444e+01 4.092320202129330653e+01 4.071415286593056493e+01 4.543143191252998747e+01 4.824258292907152423e+01 4.491663850060346164e+01 3.776039489476833211e+01 3.318392494286885608e+01 3.023094490178451110e+01 2.520935771014275772e+01 1.872953492365357064e+01 1.937265021090721717e+01 1.084861164827917435e+01 1.152805111034042085e+01 4.045876021778175513e+00 -1.322303378304015453e+00 -3.058920137128343431e+00 -7.707989629199461845e+00 -7.882618728765816485e+00 -6.630762614021870505e+00
1.506902099527530225e+01 8.702362040818359290e+00 1.285440642532756073e+01 6.176334303297236872e+00 -7.266500336480808286e+00 4.774228214498908329e+00 1.310345137931463633e+01 8.431485111273493871e+00 4.125653382908625488e+00 5.047796280153474591e+00 7.918930285597613583e+00 1.019732557745872015e+01 1.180469963264863331e+01 1.147930962616435835e+01 1.536425368035297367e+01 2.505536566637283613e+01 2.121389811552388593e+01 1.713464560558275451e+01 2.353697927739715112e+01 2.762749026877001057e+01 2.492568315991987404e+01 2.717251609108451404e+01
1.136234248967390315e+01 1.036035228265685504e+01 3.026989654563782217e+00 -8.485225412890029517e+00 -1.297670114395937446e+01 -6.914691273163608543e+00 -1.025114974743420504e+01 -1.355881318717867856e+01 -9.187433604966303236e+00 -7.845504804847104552e+00 -2.849324278797570997e+00 -3.204027210937403503e+00 -1.021758748753861745e+00 1.055716277599059616e+00 -2.774307168026002302e-02 8.885138265663066193e+00 1.310659967465528553e+01 1.567578264102681196e+01 1.579773802389600945e+01 1.300785119984321625e+01 7.461266588938811672e+00 6.521356028296923846e+00
1.887055852823915814e+01 9.221936032620613233e+00 -1.290103070611054115e+00 5.569083433610697575e+00 2.241524740672547011e+01 2.224855610153126406e+01 1.141895223376793211e+01 9.307358912711652721e+00 1.196188659936387211e+01 1.566998901801972366e+01 1.549937423528153602e+01 1.534181496276081447e+01 1.241449208742279886e+01 1.440859494228354976e+01 9.987469715277081050e+00 1.488847841354743906e+01 1.226198582500797940e+01 1.088991242069571364e+01 7.985290850651407979e+00 8.776307976356790164e+00 8.434005815993200983e+00 7.719353304924227999e+00
-2.146727419979256091e+00 -8.273099127887594051e+00 2.169752139368454458e+00 1.479441078448422253e+01 2.054454046633967224e+01 2.373412699900334388e+01 2.147128753726151729e+01 1.829280264782367738e+01 1.069098509818912390e+01 1.042658310977874336e+01 7.001008502119157484e+00 7.504803702279546407e+00 4.200218225898987967e+00 1.218476592996525554e+00 1.044256822201708701e+01 1.979203548798654566e+01 2.316839130420277115e+01 2.904162610613058249e+01 3.002831107137567557e+01 2.092165212852617984e+01 1.638675742032125271e+01 2.052305513255037894e+01
1.005733099605559744e+01 1.521479382369549072e+01 2.509479213298986622e+01 1.854129918270227151e+01 4.372988194237770188e-01 -6.673674879199236187e-01 5.359394092832549639e+00 7.623510732008923263e+00 3.217273415897768718e+00 -2.127747796137104963e+00 3.979664342659440468e+00 1.006204374972361038e+01 5.620246148838078604e+00 1.691416065477090669e+00 -6.448137190807230468e-01 3.805343449503728159e+00 8.814361458275225658e+00 7.855916075867068749e+00 8.303397903065675933e+00 -1.654463090795609936e+00 -3.398972880813982300e+00 -2.322946122111658518e+00
-5.268639821481469809e+00 6.335150965765479647e+00 3.060826797580187275e+00 -1.178735561633819273e+01 -1.189923179197481318e+01 -6.013305087333739252e+00 -3.094473463420027937e+00 -3.045434777671462090e+00 -1.629863287085806522e+00 -3.222384931993467649e+00 -3.336360642071118487e+00 -1.868576047983503852e+00 1.094676010902274399e+00 4.870423451254000113e+00 6.573150951427984445e+00 2.515503962255102088e+00 -3.332602730025930882e-01 -8.225453462529124238e+00 -3.049525378160832911e+00 -2.934007194109682359e+00 9.850512671412587906e-01 -2.678354479851039471e-01
8.855383389625590240e+00 2.879309321708262370e+00 -3.826047355681228446e+00 8.770590852582298425e+00 2.440000825657856964e+01 2.431494692404854874e+01 2.069234639956637523e+01 1.877840830701897090e+01 1.562977237034682432e+01 1.542567340515535790e+01 1.833024784711240684e+01 1.923540274183726950e+01 2.136927964582034889e+01 1.998076434751940411e+01 2.012165338440716766e+01 2.612102754632646295e+01 3.206606144786336188e+01 3.519768145629006995e+01 3.086158845664299832e+01 2.721169388389391486e+01 2.656181076416907416e+01 2.328047817552164744e+01
-2.992907184466922832e+00 -6.191135603564200451e+00 7.687006983465590082e+00 1.237383360574886737e+01 4.457490379487361487e+00 -8.263958241418624340e+00 -1.460890343749927034e+01 -1.500101891037846968e+01 -1.255564979644886492e+01 -1.170415855992455434e+01 -8.201325929168396200e+00 -4.703233549615802644e+00 -5.566243432702076888e+00 -1.331389350509182989e+01 -1.493336303836220225e+01 -9.074244805029906047e+00 -1.479768460544097408e+01 -2.328386747568778148e+01 -1.739386287937852060e+01 -1.142679641181308980e+01 -1.517523742837293454e+01 -1.207280972389462903e+01
9.388420056439478856e+00 2.073335459043138940e+01 2.448507365721942008e+01 5.986929057866898773e+00 -8.821990836972780414e+00 -8.322444910550720110e+00 -1.151116170982948361e+01 -9.945637330832889589e+00 3.467413557803471491e-01 1.721366157017136800e+00 5.312166076893101163e+00 5.245265703831464066e+00 3.407981715954613744e+00 3.838993864169520265e+00 9.759085090474050261e+00 1.989687204371961471e+01 2.715076928857426353e+01 1.732611314483541065e+01 1.760372556332746186e+01 2.218084733283207299e+01 1.899190785232197243e+01 1.726431555983177901e+01
-6.087641697115613759e+00 -4.638480167265807808e+00 -1.274433457837042027e+01 -1.177538669957832518e+01 -2.031029037075361199e+00 1.114509772448113978e+01 1.164906203100316517e+01 9.857776852785157473e+00 1.046432436232377050e+01 5.260726938340278380e+00 1.468786686693919208e-01 -6.077511537268327046e+00 -3.253542326083711078e+00 1.623445030688107416e+00 -4.984343819578186618e+00 -2.934980216056276792e+00 5.862734316614535146e-01 -2.851387723237689631e+00 -5.028803168021747538e+00 -3.724336865923261630e+00 -4.849786826789283189e+00 -3.631420921087582077e+00
9.544344497999119881e+00 1.462229353508382790e+00 1.983448450204420510e+00 9.812572698738225796e+00 1.096566519283377517e+01 1.252726538171005188e+01 1.291608967132333063e+01 1.288912156520456698e+01 1.529105995100235305e+01 1.283880239479421803e+01 8.494868449766517671e+00 8.450462681571925927e+00 1.139766543555217204e+01 9.271684652159798645e+00 4.265737911450536046e+00 5.279780978390786750e+00 8.930545288811773119e+00 2.868936485727526797e+00 2.961357601737983458e+00 3.400815639721076256e+00 7.411131711355552376e+00 7.679583596862988415e+00
-3.000444408908385263e+00 -1.373146946488079667e+00 4.108919049296710924e+00 1.806466872667074064e+00 -5.451874606656431865e+00 -1.006208523749340600e+01 -1.000638150843504093e+01 -9.046911501068732875e+00 -9.316139786604651363e+00 -7.494020158902781503e+00 -3.456367264733312794e+00 -3.705688999410687412e+00 -5.197238462209089249e+00 -6.066071311171474356e+00 7.312803282993787235e-01 5.410254727236186056e+00 7.488612392341488899e+00 8.524530677568314729e+00 1.021184327009218329e+01 5.501596976125791016e+00 4.657575875949525823e+00 4.509677797634959795e+00
3.063542467225166099e+00 7.836909628968549590e+00 1.135288653670951575e+01 8.096846247317420975e+00 3.599070826112089616e+00 7.034079473275047789e-01 5.959723379663476983e+00 5.194912167600162611e+00 9.968958084090981941e-01 1.373965670818031448e+00 3.402570443128563049e+00 5.283817252006813625e+00 7.248862373219576938e+00 7.501591199513039321e+00 7.778119631129968070e+00 5.258757545112130671e+00 -3.987850802396625483e+00 -3.846952951721199554e+00 -1.529930017310883628e+00 1.432813826831702997e+00 4.366206642455541242e+00 1.128597047941175546e+00
-1.119492195431935677e+00 4.167837693637902241e+00 2.387525389909952445e+00 2.284594986062757904e+00 1.047438791097307309e+00 5.264652329505998374e+00 9.157515364964023519e+00 2.375590355177602753e+00 -3.901100820911885148e+00 -3.878225193536199544e+00 -2.067646383780605390e+00 1.593206958776497650e+00 3.143578113253727047e+00 -2.370579868922524369e-01 2.614633145431857209e+00 2.419162776550161098e+00 3.407595566399269416e+00 1.346558015118106510e+01 1.176354606092545652e+01 8.684841542532478087e+00 5.810811489173516975e+00 5.559832513400404963e+00
1.197627680629008484e+00 8.276741788516890352e-01 -5.838641176424460788e+00 3.497055681664863691e+00 4.568870412924828983e+00 4.656278950778621528e+00 5.492238887838023054e+00 4.871503698141616212e+00 4.997016989234015050e+00 6.097275301006968462e+00 7.556043256970349731e+00 4.137766908123941434e+00 4.517343178548780536e+00 6.175029780135842472e+00 4.057678447096819241e+00 -5.858778182007746693e-01 4.067138954289653441e+00 4.865382775474120791e+00 1.511707951004130024e+00 2.837117202222358081e+00 4.334973301082277963e+00 1.468332443582431424e+00
