-2.751288278118421999e+02 -2.690054535175500519e+02 -2.655094842253225238e+02 -2.623624836703330629e+02 -2.634162179185904620e+02 -2.574377749900168624e+02 -2.513508398727810231e+02 -2.275212051436377294e+02 -1.960215074939140152e+02 -1.873498357502380998e+02 -1.899402640147039563e+02 -1.918803782784109160e+02 -2.006221306330722882e+02 -2.219842061785579688e+02 -2.366216054989645841e+02 -2.368495376647595094e+02
2.473824026959847089e+01 2.797404924927977987e+01 2.883395912859957377e+01 3.224788571276570792e+01 3.628462398578635373e+01 4.316947210339635177e+01 4.318908607087473683e+01 3.049715513061993022e+01 9.986533147146554157e+00 -1.373221833243468026e+00 5.798900601085257733e+00 1.847526432090832316e+01 2.960026379527700158e+01 3.202285300313975114e+01 3.395042928623452383e+01 3.182875622213973799e+01
1.618999906930789479e+01 1.063979344037281294e+01 6.512778251612919789e+00 1.190413275308135610e+01 1.784483103783102109e+01 1.893911977146165171e+01 1.481961835861221743e+01 -1.608417831509122919e+01 -5.257882447463935449e+01 -6.150687701873037838e+01 -5.556863159442098521e+01 -5.798456641683572599e+01 -4.661317947416734597e+01 -2.542739989841804871e+01 -1.493158102189183367e+01 -1.383019222102938528e+01
1.933616930577456827e+01 1.509557880425742482e+01 1.434346707358890427e+01 1.020449115285498465e+01 1.424884218828671401e+01 1.125675375327461225e+01 1.466714458019248823e+01 3.114797120803763519e+01 4.476528538181017325e+01 5.556273179592014344e+01 5.703499469998819649e+01 4.044808830377620978e+01 2.413484321975401770e+01 1.693925524079462974e+01 1.796686137537284367e+01 1.694961533889425098e+01
1.492848157692722744e+01 8.885112691692917508e+00 8.091260350078673724e+00 8.555480517780239325e+00 1.158893161802970262e+01 7.235853738029723203e+00 7.599491438460109549e+00 1.917966437724829376e+01 3.343818586463981291e+01 3.439268610458765352e+01 3.822250895129457149e+01 5.051478081011113375e+01 4.716774765615664933e+01 4.251802395976035598e+01 4.138342351358708981e+01 3.945236106061528147e+01
2.055886252383912449e+01 1.629188185871969807e+01 1.089205214837802416e+01 8.279617540640263229e+00 1.439707101657747401e+01 1.624278729236586827e+01 1.040190054491526794e+01 1.082421588651122946e+01 6.928159913786791080e+00 -6.993481652129291071e+00 -8.441751003750887605e+00 3.813745347066581193e+00 1.330798570833070116e+01 1.808263758727039416e+01 1.634124680392211104e+01 8.696433527702341237e+00
1.543450382713221813e+01 1.262745139628202296e+01 6.535074445149400724e+00 3.431195680230040956e+00 6.037081511119970934e+00 1.024391683904183914e+01 1.074018188775601246e+01 1.588071896990248177e+01 3.816645576031540088e+00 -6.238818748434406203e+00 -6.958963205619916437e+00 -1.644813091257539028e+01 -2.063773676021287073e+01 -2.021830753829376448e+01 -1.865669284209836576e+01 -8.133968507163658046e+00
1.513872983162203667e+01 1.405313807465323706e+01 1.500070615631718418e+01 1.570377547013552544e+01 1.759602064829276813e+01 1.647990446502991091e+01 1.901498698318913938e+01 1.117363935685648002e+01 6.452882368808600333e+00 1.831037667605729879e+01 2.783495188784822361e+01 1.722999960392120755e+01 1.660851635410165272e+01 2.061254655623548970e+01 2.258897288339900200e+01 2.145346889744605789e+01
8.433403600289590685e-01 2.645458152556996012e+00 8.017448596982944764e+00 6.224268117423910951e+00 6.591567790693494189e+00 7.036261536501924319e+00 7.350818943781327164e+00 3.450477197890844394e-02 1.036671621987633785e+01 1.873487734751751432e+01 1.436208289386999581e+01 1.197824915689281866e+01 2.217701948138132195e+01 3.204526743919956999e+01 2.845938320788462050e+01 1.697357755432895843e+01
3.115552135481814755e+00 6.359681142238175156e+00 9.820220915771834314e+00 1.006647215526065864e+01 1.220459444220623624e+01 1.182786230427263163e+01 1.256909047564104753e+01 2.135608221997269141e+01 7.441354471419604266e+00 -6.802533486626514581e+00 -1.226576165014500930e+01 -1.090244311194284421e+01 -1.158419776229009912e+01 -1.360890881925138274e+01 -1.757692631902261837e+01 -1.527804613452923554e+01
3.348354536302018403e-01 1.350882311401419678e+00 -1.312544511153806326e+00 2.118119537139502739e+00 3.613639113406031278e+00 -3.276913035282738917e+00 -8.625279072812750414e-01 2.379256925957753843e+00 -1.215153148317967080e+01 -1.271814020605553175e+01 -3.762980571552971387e+00 5.655114441440773021e+00 6.409404494132721730e+00 1.410393006179724296e-01 -8.415848226977313828e+00 6.418388639944110352e-01
1.313345713900125133e+01 8.997403561193708654e+00 5.677036396192278289e+00 6.521299611313406075e+00 8.428530710254609204e+00 3.885823085152293466e+00 3.763884138106717181e+00 -7.617687057768371517e+00 6.454989540354945099e+00 1.805915080863597666e+01 2.380979772061632715e+01 2.539689245397143935e+01 3.507631568682595002e+01 4.206521510410708942e+01 4.009738732288779772e+01 3.357516313996682555e+01
5.662893503333134682e+00 2.906384121743835536e+00 6.917953949133623937e-01 -1.283190367361477513e-01 -4.142083404255139101e-01 -1.644874118081401715e+00 -3.469408444321008478e+00 -1.422259623481423318e-01 1.014671695396242512e+01 -1.379938609126447613e+00 -9.975676415268155850e+00 -1.853830718817091139e+01 -2.176699410976855376e+01 -1.702441377472718287e+01 -1.100794104874201551e+01 -6.000071469196107898e+00
4.612335770796930134e+00 6.418125946576958896e+00 9.576396572005066332e+00 9.338356989536324093e+00 4.758872527139468289e+00 1.898472422467725185e+00 4.120360318293078805e+00 1.933046846957221732e+01 1.219554148242740510e+01 3.973456860693080461e+00 5.508694113417378802e+00 7.797398627911389823e+00 -7.649500605196175584e-01 -1.078774867151862438e+01 -4.804980028961331584e+00 -1.623765888914849853e+00
3.043307116759311093e+00 -1.714764889703786377e+00 -3.468315482811826111e+00 -2.543995280083642729e+00 -2.442472345385470867e+00 -3.321817482873341110e+00 -5.802369090862493195e+00 -8.760611570355877120e+00 -6.013643575969499722e+00 3.387830781207409991e+00 7.577145209849831531e+00 1.672175513782452327e+01 2.126275571214289073e+01 1.770679237761407165e+01 2.056336558329429209e+01 1.415071417173576052e+01
-7.260056959507101837e-01 4.287717082170335203e+00 3.020937600952966484e+00 3.430135272308400207e+00 3.759390253268956705e+00 3.367091864784729438e+00 1.967364438852639896e+00 1.411373007021438752e+00 7.368138375023972841e+00 3.819137702608912832e+00 7.067773621072088730e-01 7.404100925912038278e-01 1.353837620707982303e+00 1.670757888878645847e+00 3.948975982408997609e-01 2.537088353261644169e+00
-1.101497418005901174e+01 -5.340922041777020013e+00 -1.046321465150444219e+00 -2.285302852792131301e+00 -3.192567297066065457e+00 -3.601628318877025947e-02 1.422538355766497453e+00 3.195486348856147352e+00 -2.821635586355760061e+00 -4.116674961924006837e+00 -7.733405356153525645e+00 -8.918097324538669213e+00 -1.009366080187133363e+01 -1.624775000501114519e+01 -1.632529062073305326e+01 -1.705004190111814477e+00
4.647417763838677551e+00 7.932187288253997437e+00 1.108485585978110421e+01 1.345266857028593677e+01 8.623977556183866966e+00 7.570453747538784306e+00 5.400920130599105917e+00 1.903667734372686215e+00 -5.419718314017447192e+00 6.426440998419214345e+00 7.907763074056719077e+00 1.269999934146258269e+01 2.389153545991775474e+01 2.522696648477186798e+01 2.703962319303103001e+01 2.266465536750995469e+01
1.354407909592820758e+00 2.635872331267212765e+00 2.766464151591279119e-01 5.343041406170186747e+00 1.548123016407825681e+00 -3.403554826367896524e+00 -5.520564239682223651e+00 -8.227369235337498310e+00 -8.461952424419965979e+00 3.368335599647389600e-01 -1.359990143162427056e+00 -6.221052412574819002e+00 -6.087710393777097551e+00 6.297892749968374559e-01 3.116003357844751243e+00 1.216899458645976928e+00
1.068169129203140422e+01 6.664654691301276301e+00 5.734950336722111075e+00 8.065213644269313420e+00 8.122236455359113094e+00 4.440542577825857151e+00 6.767797466654235095e+00 5.558386585069007069e+00 4.501760780984525034e+00 6.370992997905786659e+00 1.076067463687522263e-01 -3.625866943151843103e+00 -1.110279258666137636e+01 -1.877878262404760790e+01 -1.570094469181956498e+01 -7.416521053004145436e+00
