-2.429294786645780277e+02 -2.387892601551528173e+02 -2.423319641927278099e+02 -2.409095231278774065e+02 -2.396629247420152353e+02 -2.415638306825644577e+02 -2.375034098468198636e+02 -2.128824704842132007e+02 -1.845310689424021575e+02 -1.783227464083915095e+02 -1.830709399554869776e+02 -1.780232412572408975e+02 -1.926572461447182718e+02 -2.164852678285457444e+02 -2.245131626562878182e+02 -2.318775318181106968e+02 -2.313070481042524307e+02 -2.340775228806421637e+02
5.789426697866700167e+00 6.330913926061198183e+00 8.404223091383716593e+00 1.066662209084878654e+01 1.454156227964623405e+01 1.666002369372483827e+01 1.634284822219373723e+01 1.166130430488928837e+01 -4.162474960799023016e+00 -1.177574223914427520e+01 -6.186937955695526625e+00 8.137213940744665308e+00 2.178548342483560418e+01 2.657319847194435170e+01 2.332890709959053765e+01 2.241213531199932518e+01 2.410970865274000730e+01 2.352822419590388492e+01
1.490113656008202625e+01 1.053544874326951408e+01 1.254729892599147689e+01 1.789322707683628977e+01 1.783129662998064191e+01 1.654314483460615648e+01 9.635803275964352821e+00 -2.297162444016177574e+01 -5.031136340395164552e+01 -5.493535780672144142e+01 -5.072541620534644125e+01 -5.763171907021805396e+01 -4.680486911121388971e+01 -2.867996495569109427e+01 -2.299900898134270122e+01 -1.056924768059862529e+01 -7.429718004459806124e+00 -8.999695982697545560e+00
2.981511269374204787e+01 3.377814973269359200e+01 3.123421609319468217e+01 2.663001595983690351e+01 2.451790304176469348e+01 2.444620544431742815e+01 2.123337043682155922e+01 3.266699318547807707e+01 4.700022571293018814e+01 6.263449712599033603e+01 6.145751473469887571e+01 4.348608545008702464e+01 2.442130742308600944e+01 1.547439019605683264e+01 1.363226379042826863e+01 2.149447834631101628e+01 2.500560010395424726e+01 2.708083755878339716e+01
-4.192364413337827500e+00 -9.834977842164693840e-01 1.334799925005332177e+00 -5.302012976835122515e+00 -2.936010127331595054e+00 2.832032455561916962e+00 5.687548210329227416e-01 2.232129183852976695e+01 4.009378873711028746e+01 4.039138055793236504e+01 3.689923231844596785e+01 4.958455647280896983e+01 5.678529790265766053e+01 4.920882413069563199e+01 4.747455647575530691e+01 4.142823619012425951e+01 3.339871667034333313e+01 3.268636108702842336e+01
2.101266607379446327e+01 2.117403743496928925e+01 1.582582140632655765e+01 1.758716301801591442e+01 2.405708285469600227e+01 2.597702451612413199e+01 1.962146120184058873e+01 2.022302187521924566e+01 1.430154503756031303e+01 -5.025345893355626536e+00 -1.188405978361667437e+01 6.213930439802316741e+00 1.582633784303721569e+01 1.422956206021809500e+01 1.680508649508201557e+01 1.030974131049445575e+01 3.241115418332150444e+00 -2.613319712059380961e-01
6.685408207119440505e+00 1.063172939958531238e+01 1.188896156094896739e+01 5.774422784568861822e+00 2.088572537915370120e+00 8.509068583957626331e-01 3.269747510382684297e+00 1.127777588809230913e+01 6.499777199187903420e+00 2.189405325228968024e+00 -2.435739324173222808e+00 -1.128093127660257267e+01 -2.100355742234935263e+01 -2.275764238022098596e+01 -1.502250987465239618e+01 -1.490901377768030756e+01 -9.647072862607801724e+00 -6.699667108168080532e+00
4.998717670031206595e+00 6.419443395009194475e+00 9.108192052894963808e+00 1.159304137041004168e+01 9.900740441571976191e+00 7.993506156939973906e+00 3.772758276257759391e+00 -3.583919947860206179e+00 5.835040752360967531e+00 2.341124291947358671e+01 2.629590946028372755e+01 1.481977867303795549e+01 8.962211862180227584e+00 1.916863142273403398e+01 2.575700116922721250e+01 2.208065448371721118e+01 2.089429522918537074e+01 1.764433022264909567e+01
1.509081389045521959e+01 1.996705116805285130e+01 2.144371247140143666e+01 2.420008498463907642e+01 2.263456613596312650e+01 1.781045680522185393e+01 9.853356775849031024e+00 -3.743914787399935662e-01 1.897830316901282544e+01 2.450189622217762064e+01 1.299257036802176835e+01 1.026689967393467029e+01 1.630857122977131013e+01 2.143075520167758796e+01 1.951317883853327828e+01 8.638088089732217867e+00 1.923363719471510969e+00 1.391782731585240462e+00
-2.574385669243449470e+00 -1.264742595779129175e+00 1.045720323774918192e+00 -3.921825690379625584e-01 3.627975730433408152e+00 2.339167674579768263e+00 1.105940417106721085e+00 1.349567832643267451e+01 8.492846148921115557e+00 -6.099339122973295169e+00 -1.135730426440689733e+01 -2.858215553351620031e+00 -3.143521564510388444e+00 -7.081772617624094046e+00 -7.675147905565767203e+00 -3.835455070175384229e+00 1.246963827555441107e+00 -1.177059448782128648e+00
-7.658083479516628600e+00 -1.081701475583035688e+01 -1.210885437430446565e+01 -6.233812921210804880e+00 2.853657352197505048e+00 6.631561705425244924e+00 8.809674555271467256e-01 4.606226404577924427e-01 -1.206900443418663116e+01 -1.297949650867333204e+01 -2.393773005363084572e+00 2.463847278586031031e+00 3.137820927488661482e+00 1.457078012167663417e+00 -3.096797057235295636e+00 1.332175094290670714e+00 3.079240401009903039e+00 -7.254701546169588511e-01
1.341232640322974845e+01 1.384149002650761417e+01 2.228992819211748966e+01 2.375822811265950918e+01 2.365327916292100241e+01 2.339630757998440558e+01 2.002680483246215459e+01 7.888232488205353832e+00 1.332278583860225396e+01 2.589951848142352020e+01 3.006876930768585865e+01 2.580633629074274893e+01 3.579164145281453813e+01 3.907217869974459035e+01 2.861921505179831371e+01 3.051283227197712478e+01 2.303892605696909968e+01 2.137381338623406890e+01
-4.345885716711124225e+00 -8.261968940905729752e+00 -1.143397692459577897e+01 -1.050512085134995921e+01 -9.989020786520475426e+00 -6.701351005007127881e+00 -6.715749840969621687e+00 -3.128444745657377624e+00 5.482201239878296661e+00 -9.255999202471798526e-02 -1.106450809196396001e+01 -2.146799688116108129e+01 -2.453718960580792086e+01 -2.646770206870860065e+01 -2.779934911609050374e+01 -1.715906225201890578e+01 -1.323042546512107620e+01 -7.399085702039881696e+00
1.328176692112946711e+01 1.801371078159311168e+01 1.749460367296531160e+01 1.623037138262939649e+01 1.805351939536672390e+01 1.134097306208165357e+01 1.006326797287508867e+01 1.847104734401081316e+01 6.833635165098677078e+00 2.237770592627524202e+00 4.167925383718544374e+00 5.900251137139685298e+00 -4.296625934441212102e+00 -6.957585001654384094e+00 -7.598693749630176519e+00 -5.898354309850483368e+00 1.407707085324060081e+00 2.712483030195096845e+00
1.137821143162861759e+00 -2.077426395370129963e+00 -4.630833075384147790e+00 -2.255901743057269204e+00 3.496217592219910131e-01 -6.521468530754675363e+00 -9.684718437421183879e+00 -1.541514460797063535e+01 -7.573423938877514416e+00 -1.824428605920921154e+00 1.750600966581624895e+00 1.112319917368159139e+01 1.621999676886185782e+01 2.032774769542454507e+01 1.014787750107937825e+01 5.446079565056995975e+00 4.954859815370491916e+00 4.411207980184620681e+00
1.527339269260965438e+01 8.633173141483222679e+00 3.512647666946747016e+00 1.224352054446641702e+01 1.896918496925524877e+01 1.343041068535332805e+01 3.990407315376422570e+00 -4.564521396953145072e-01 1.229829563970359274e+01 6.278444473341100007e+00 5.445450365112762370e+00 8.149446278185351389e+00 7.579051765875551183e+00 7.367390230866646128e+00 7.809762107440098688e+00 8.981457985013930667e+00 7.045974202975015643e+00 6.871249343335239068e+00
1.772021981020536430e+00 -3.010434784523861040e-01 3.553267481662204297e+00 8.897194202303364108e+00 8.628513248789605683e+00 3.192008818506491430e+00 3.619832242174494397e-01 1.676494838628955542e+00 1.060692566870212517e+00 -2.567005666133160169e+00 -4.143286373350163032e+00 -9.216144404352114350e+00 -1.011176423099929522e+01 -1.220314868276963693e+01 -1.328815852559690214e+01 -1.430300123298475512e+01 -7.172767461014981194e+00 -5.601379409246003860e+00
-6.956635437053490634e+00 -7.754291149950441664e+00 -6.371295497526277885e+00 -1.967100107964109945e+00 2.437123103679479819e+00 6.935207841634365877e+00 5.770180197786466181e+00 1.153002872035429860e+01 5.594953623533432285e+00 7.737774487513123134e+00 5.141668927834643910e+00 6.894628277029839936e+00 1.789973687272749459e+01 2.177589870469008915e+01 1.209774413298194062e+01 1.098522802852350821e+01 1.290975842690581032e+01 7.587196120336981764e+00
3.800724354735978139e+00 8.639583491363945100e+00 1.044041819885249645e+01 6.379392191735444584e-01 3.425577857924295699e-01 -3.756176665767789302e+00 -6.249884248569417267e-01 -3.315704104132469521e+00 -7.458301645449534334e+00 -2.880154265778611222e+00 -1.286680798208592158e+00 -3.012361874372790460e+00 -5.189936355861968664e+00 -9.941018842070359796e+00 -5.816232270773848079e+00 -1.010255922224541081e-01 1.064146903997293947e-01 5.917613559314904847e-02
2.731176656394527669e+00 4.446183057966537788e+00 5.743160334001708556e+00 3.443555964177639872e+00 3.045312660881938971e+00 -4.534641152835854783e+00 2.426202056782757133e+00 7.106095231993370120e+00 8.054830181329714733e+00 4.183600036599369076e+00 -2.538348162747760206e+00 4.538565335768334208e-01 -3.005778120030827338e+00 -1.157661253063176332e+01 -6.776475587074939355e+00 -2.313631823283961886e+00 -4.423028946421278640e+00 -2.360035944365010963e+00
