-2.457442002061606843e+02 -2.409241896433016450e+02 -2.455391560319091013e+02 -2.483738821017044245e+02 -2.437368290975768446e+02 -2.472710657460475829e+02 -2.520277727394749832e+02 -2.335419428022520947e+02 -1.948014935530041498e+02 -1.814243077095266017e+02 -1.851437327611737942e+02 -1.852047905228730826e+02 -1.875720069153256020e+02 -2.001889979279862075e+02 -2.136745408688205714e+02 -2.278979376843896603e+02 -2.368501775016891884e+02
9.630092128291314779e+00 9.967911924252398137e+00 1.163599268400695408e+01 1.103167468400349449e+01 1.385269401995954297e+01 2.146007118181316287e+01 2.306659061864522897e+01 1.424191351966568320e+01 6.607220950862892295e+00 -6.022979546173632848e+00 -1.129371223710184324e+01 1.647766589544204852e+00 1.347450404896527587e+01 1.844451524428950862e+01 1.764017701705407859e+01 2.422895845243098023e+01 2.787192716955389216e+01
1.419058433825656884e+01 1.115947282216052727e+01 1.043290109641861463e+01 1.643215370627996919e+01 1.500041339884502278e+01 1.475969867202849706e+01 1.585169124851553235e+01 -4.404962737068597534e+00 -3.953836132375929679e+01 -5.039544890198838800e+01 -5.216247316686745705e+01 -5.300376141011808784e+01 -5.650262774506236951e+01 -4.446144592029110498e+01 -2.883008739304079526e+01 -1.299908364544667094e+01 -6.483631130804921483e+00
3.018552424770409459e+01 3.223219257904095514e+01 2.953210637289728524e+01 3.229537610732124620e+01 3.363622454346656809e+01 2.801783034517757898e+01 2.203691423553360806e+01 2.748208689820760853e+01 4.075673093135679181e+01 5.638139516552865160e+01 6.080823402593976112e+01 4.861082419853764947e+01 2.815924738518741677e+01 1.659407915122529431e+01 1.623002219324338569e+01 1.561549432143406690e+01 1.618427700418135373e+01
-6.272322012069841080e+00 -3.113879439814586814e+00 -1.307978935589056313e+00 -4.284832145415989224e+00 -3.817936218594244480e-01 2.644876536122355404e+00 6.165413110855380019e+00 1.115550019853442620e+01 2.811869446350549850e+01 3.983043159994664251e+01 3.883533004397708055e+01 3.992028450825701213e+01 4.708576112340982434e+01 4.244788634984173825e+01 3.751038511421881338e+01 3.734920770658938238e+01 3.604743080990487414e+01
1.963528670221433714e+01 2.573123336525480198e+01 1.855155651766207470e+01 1.736824624202448319e+01 1.773747974337719313e+01 1.202001516673261605e+01 1.063404743172366373e+01 9.706525442728539232e+00 9.688384222662321577e+00 -3.875579502884417771e+00 -1.554094052230629153e+01 -1.355798026238530163e+01 6.363562469333922778e+00 1.533778446915252403e+01 1.047805516508443091e+01 1.044068584472254635e+01 9.156707124619106963e+00
1.297577932453686245e+01 2.139128561469412659e+01 2.412321170085805733e+01 2.131388010890227491e+01 1.640219787200278390e+01 1.352355494680069192e+01 1.685887857204600593e+01 1.638910147298805953e+01 1.026662681378049058e+01 -2.279137671469271709e+00 -3.286330292545414089e+00 -5.726340378851096702e+00 -1.529013093016990510e+01 -1.510727592705242017e+01 -1.213736326302406887e+01 -1.577181408323626144e+01 -1.141522885335432846e+01
5.990354422046845428e+00 5.005928115415353652e+00 -2.704077319583057637e+00 -8.248365942838480791e+00 -1.078194465330528473e+01 -5.247608057477050281e+00 -2.999605950119008213e+00 4.891706501653745320e-01 1.402628082198678072e-01 4.140452179239218822e+00 2.121827012722721051e+01 2.062312189011660735e+01 1.371086840781832095e+01 1.656336504826495570e+01 2.065260922586780978e+01 1.580294539987763258e+01 1.696635422890157940e+01
1.040497204615895299e+01 1.355481093078949684e+01 1.522736732809979365e+01 1.147946263658900179e+01 1.429095925851263971e+01 1.984322836347386243e+01 2.015414273969958714e+01 5.199897652209233279e+00 1.444812257382301368e+01 2.526536442876749078e+01 2.564105363857143161e+01 2.004407578434832971e+01 1.683710789759517823e+01 1.924490919464396654e+01 2.375695601486794573e+01 2.648966518959341343e+01 2.128453196929640967e+01
-2.779002056062928716e+00 -5.362723998192635122e+00 1.172871543402715488e+00 1.432147744716692372e+00 2.946554435040104725e+00 4.313695212266485335e+00 1.023333956876239803e+01 1.567747610736750730e+01 1.883495240576767671e+01 6.297042998630045574e+00 -8.091302678723684139e-01 -4.757888770481155660e-02 -9.017213563950729593e+00 -1.890356073014793736e+01 -1.818331291079414314e+01 -1.547402458903767197e+01 -1.206249478313758061e+01
-3.795884404218007546e+00 -4.564152149996214547e+00 -1.111325471943275289e+01 -7.354092190740379564e+00 -3.386947030536913150e+00 -7.603131428513252743e+00 -9.444915045445279489e+00 2.595253912218919545e+00 -9.525238242129937305e+00 -1.177695653663526087e+01 -2.946541335439515574e+00 3.586266774085766329e+00 -1.388889189940734958e+00 -3.622563404889873162e+00 -2.889866669119041553e+00 -8.690139439131709054e+00 -5.869972752735359123e+00
1.501623674165855959e+01 2.013696066328729728e+01 2.792478002679566984e+01 2.698567534232101650e+01 2.127014210598854760e+01 1.733061958324127616e+01 1.622001493668223659e+01 -1.035515440234672901e+00 -1.282458901080057778e+00 1.925808397333517519e+01 3.141230774843120699e+01 3.252219087632175842e+01 3.978503700645957508e+01 4.880268182101623609e+01 4.438028500155503053e+01 4.017769064119963218e+01 3.844840381481105851e+01
-1.630046281307768297e+01 -1.890867681943368694e+01 -2.251665801080224227e+01 -2.296898186054153967e+01 -2.062787635396848529e+01 -1.939000095660883716e+01 -1.564695948790163627e+01 -1.278806458579249039e+01 4.041254068296648683e+00 5.613079970130261387e+00 -8.405677622058711052e+00 -1.927142973372520629e+01 -1.887693731432531763e+01 -1.566132859996927706e+01 -1.606044051385713090e+01 -1.643806417540073639e+01 -1.624625010244889367e+01
2.652765053576598575e+01 2.334591432685839862e+01 2.372545959168212448e+01 2.058431332081691423e+01 2.223565871133756389e+01 2.193330494672303033e+01 1.668657907891829240e+01 2.458410474873964446e+01 1.984548584121287007e+01 4.918468579260148132e+00 -2.577492828835351801e+00 -8.201720821521787386e-01 -9.725672332484718297e-01 -2.846198286838068192e+00 -2.462185380328383744e+00 -5.446202488880886428e+00 -5.869274406489801699e+00
7.197253431558969794e+00 4.181578444523196936e+00 3.844506233666512784e+00 2.204734627328779339e+00 -3.432954117100627922e+00 -7.794264862573342612e+00 -6.667561203017207561e+00 -3.161013590918203775e+00 -9.860341937084836417e+00 -1.051060354663660057e+01 -1.573759345113636687e+00 5.044880726964533935e+00 1.375898946400772438e+01 2.329416229261611804e+01 1.953538913148044998e+01 1.567033442082298400e+01 7.255250881258400675e+00
9.218291842362333455e+00 8.971178787089652218e+00 3.671930167750405705e+00 2.656304851450010940e+00 1.173629193528256565e+00 -8.554711883754784196e-03 2.218295261719679168e+00 4.528989232471928972e+00 8.038563321623364288e+00 7.278772889382577382e+00 3.621240856238446160e+00 1.185746065002879490e-01 -9.793385265975551590e-01 -2.967908525436797618e-01 -5.466207676318637354e-01 2.567121056182127159e+00 1.524283220468447553e-02
5.460102155720412576e+00 7.709939850847660203e+00 1.201055817734226849e+01 5.462581996571665321e+00 2.879045269159544951e+00 6.542534753956657845e+00 3.181759522924630268e+00 1.004796913222227417e+00 5.331023474466728196e+00 -1.674488555557224867e+00 4.273596792619454021e-01 -4.012093250288446100e+00 -8.421813895888321966e+00 -1.191919421533487267e+01 -1.874604269136985479e+01 -2.015453613981865288e+01 -1.132637696406246519e+01
-1.688391779923339442e+00 -3.681944380738589651e+00 -5.391382572071671042e+00 -1.275978395599368653e+00 -2.420179751151505521e+00 -5.001176722633188021e+00 -1.093225412032745147e+00 8.245218953622664770e+00 8.706209213420873283e+00 6.493814537171066270e+00 1.170908619175940224e+01 8.575511373960772232e+00 1.863133854715436755e+01 2.919637921308258299e+01 2.427160403024075919e+01 2.273729166984534444e+01 2.357799839297150868e+01
-4.371308051126712613e+00 1.439239663399640712e+00 1.007011673473460611e+01 9.166017727026787298e+00 8.664734030478609128e+00 6.050461975651113988e+00 1.130653035607925716e+01 9.396074365216282587e+00 -1.270227338119583660e+00 -1.065680717836968050e+00 -3.853391661960310355e+00 -4.519145711249918484e+00 -5.304670096491443942e+00 -6.134119860358339338e+00 -3.413706838757661899e+00 -1.713457419415325589e+00 -7.969126972870821390e-02
5.758882968208712150e+00 2.078133866898291160e+00 -7.467936146820086663e-02 -1.410744951899449262e+00 1.867947440640179924e+00 3.494967961830357517e+00 -6.943459500153545960e-01 1.924608323509775953e+00 5.778272092276454330e+00 1.413722378856494188e+01 6.551490788664119158e+00 -1.567295368935190503e+00 -3.770025835579636997e+00 -1.313315920280831151e+01 -1.365678205439539283e+01 -1.658147130132272906e+01 -1.187191429032867518e+01
