-2.586998818828195112e+02 -2.544349082654813969e+02 -2.559319217343334856e+02 -2.647149380511950199e+02 -2.701494110893742118e+02 -2.543618113189509415e+02 -2.038222977964364873e+02 -1.772730220477910734e+02 -1.881711983635835281e+02 -1.984424580896229031e+02 -1.981334259486532403e+02 -2.120653459652642141e+02 -2.342618721297198192e+02 -2.315396776672395163e+02 -2.302350825667056426e+02 -2.453680278642272299e+02 -2.607203552901989383e+02
1.651742291692829667e+01 1.867743550262767371e+01 2.422807995019388727e+01 2.936428536292023495e+01 3.115441794146968491e+01 3.135686030709062067e+01 1.674768515605037322e+01 -3.098058158935604212e+00 -1.268734500460007020e+00 1.323930733998728115e+01 2.846729224568300509e+01 3.666441543869749609e+01 4.167757351668924315e+01 3.184721740719296790e+01 2.308811057078158058e+01 3.074380903482018113e+01 2.727499490773983837e+01
1.905426450891610557e+01 1.411886503017447581e+01 1.545233471636286637e+01 1.441005815830912873e+01 1.170153531655329715e+01 7.383120687662735548e+00 -4.641820260947815058e+01 -7.794741130263433604e+01 -6.778055167883820786e+01 -5.970536736212269346e+01 -6.747197137207575679e+01 -5.479012395932101498e+01 -3.532849987276669168e+01 -3.409944477836825172e+01 -2.552331959487300495e+01 -1.395597309724264434e+01 -6.135510160057028983e+00
3.949876867843823902e+01 3.216111839122011418e+01 2.769840807569831043e+01 2.944475578399787707e+01 2.567719706630040477e+01 2.390939863200802762e+01 3.412377824517859892e+01 5.764369993354365107e+01 6.637966708371583024e+01 4.761293857199568436e+01 6.483417922198007943e+00 -4.995565161425608025e+00 -2.023684031221721469e+00 1.019636246606377483e+01 2.400958910679899816e+01 2.343748629879561918e+01 1.897682433839251814e+01
-9.099923302170781270e+00 -1.198077321254473482e+01 -1.013727743349306465e+01 -2.809214507705178221e+00 -3.824874219133180375e+00 -4.485284103153937885e+00 2.300239502695923477e+01 4.855463462747554360e+01 5.334468227609357882e+01 6.228427859017496360e+01 7.326576905907589321e+01 6.121982991469479884e+01 5.002751345196077892e+01 3.242953248446396231e+01 2.265269374147483816e+01 2.574085922169138740e+01 3.307040856556928077e+01
1.756685474519803947e+01 2.435639010080872424e+01 2.800374699409804435e+01 1.895837451232121751e+01 8.711301736818983343e+00 1.770013317921164742e+01 1.669262525989839219e+01 -2.809176442670851870e+00 -1.913339806928332365e+01 -7.420185331146723406e+00 3.249841852853600699e+01 4.076884602326462925e+01 2.825602254101435307e+01 1.840352883408530005e+01 1.376125341391563950e+01 1.080980886612429615e+01 1.133619806455220314e+01
5.439063871524754568e+00 1.354128632989739245e+01 1.935075135894125253e+01 1.978587085080926045e+01 2.152868561040889972e+01 2.122935471858385270e+01 6.036493122564484004e+00 -1.512525264840223649e+01 -1.766961785613683134e+01 -1.770211771891194275e+01 -2.976628792323629469e+01 -2.210953653666075169e+01 -1.663830404240048466e+01 -7.979275381161402336e+00 -8.511715735454403742e+00 -3.320334503218862920e+00 9.469356455074668943e-01
4.621328782018698789e-01 -1.437705802381756826e-01 -3.321527212782045879e+00 -2.409063377807077799e+00 1.316006561685277632e+00 7.585716904366071489e+00 -3.152581169426291297e+00 3.753523645595059133e+00 1.422988942804283496e+01 2.050632141785464668e+01 1.719952569688617317e+01 1.081274711863464688e+01 1.284319189790985405e+01 1.633505243018201725e+01 1.917344332547851593e+01 1.981391121020278945e+01 1.677029382187477324e+01
2.555353709805557116e+01 2.530016413680519705e+01 2.426275366133747724e+01 2.011950684831940350e+01 1.377513083592519649e+01 5.149390172877982508e+00 3.455833132855192780e+00 1.890648929092645858e+01 2.669193103801101330e+01 1.884350083199241155e+01 2.157509274063123428e+01 1.460122961994555979e+01 1.380386621857175555e+01 9.675724737787493979e+00 1.185436947019504750e+01 4.271295046095367809e+00 5.561343183830400605e+00
3.075113548604178071e+00 5.549629476709572629e+00 8.424693313915524229e+00 1.008307567040325736e+01 9.550142253924811087e+00 5.860121175434521490e+00 2.655103938351222936e+01 1.920384250786841562e+01 4.582952977857360111e+00 -8.201405936153257414e+00 -2.062635989916461199e+01 -1.915732120012393480e+01 -1.928345199968460832e+01 -1.047988806996869826e+01 -3.721331568176449167e+00 -1.548099777207093020e+00 2.673349938184367502e+00
-6.120393930507750824e+00 -7.889566346372939520e+00 -8.096810688902543518e+00 -8.974440609092514620e+00 -6.684178190830602162e+00 6.765394796171068315e+00 1.156783574828562777e+01 6.626913526226601014e+00 3.482501059300553869e+00 6.121328359376501993e+00 6.022786749357191383e+00 1.167933347234686003e+00 1.330235954130664311e+00 5.360803957040518597e+00 3.227736217368157412e+00 5.110535251948364888e-01 6.879029019069880846e+00
1.692088860396974681e+01 1.877548662324118567e+01 2.341156770427011224e+01 2.661711885630220564e+01 2.769346667378005833e+01 1.567745707086468698e+01 -6.176655694685825537e+00 5.022818442889452228e+00 1.706199427637086075e+01 2.954970707610959124e+01 4.463259931111560519e+01 4.608480285309976665e+01 4.651959576313804945e+01 3.027541843746964290e+01 1.680998779746055760e+01 1.562953853094731471e+01 2.117263233158426416e+01
-2.603483595619941582e+01 -2.259214610274139545e+01 -1.900837765978678817e+01 -1.731165156797499804e+01 -2.599138126062510068e+01 -2.857766355032202554e+01 -1.457819413169915634e+01 -1.640045830750000633e+01 -1.978546249218600650e+01 -2.952393603923462351e+01 -3.091707279155236776e+01 -2.258951572320977874e+01 -1.650395427398548165e+01 -1.372405082096439344e+01 -1.596918241256439686e+01 -1.410563057431969725e+01 -3.761411950526525327e+00
2.093956283996692136e+01 2.025335052818530102e+01 1.997186791414325668e+01 2.262619904499619139e+01 1.657138445156667572e+01 1.608833150079167851e+01 2.482163216702200259e+01 9.234991348102813191e+00 7.688739648144318650e+00 7.255896597914166080e+00 -4.130211978148768281e+00 -9.939661634385018374e+00 -1.000325263951692989e+01 9.409508812207363349e-01 7.720780196151720176e+00 4.549870646216382930e+00 1.098217442177973524e+01
1.371544994553905994e+00 -6.403521400903606775e-01 -6.474230557097993000e-02 2.059098000516641491e-01 -1.269601166188217611e+00 2.493446555798897180e-01 -5.066357200457472842e+00 -1.107477778247067945e-01 -8.014124519265024560e-01 1.110397191524584670e+01 1.970955640323202829e+01 1.842614348462098306e+01 1.436862101192145147e+01 6.171626070752219029e+00 4.456919734770646180e+00 1.088872762618358969e+00 2.092827290217816660e+00
1.191971235997861100e+01 8.926196606374855236e+00 7.150974856409728631e+00 1.043724578102136924e+00 -1.360250658219193554e+00 -2.865957633006810390e+00 3.984108083276935997e+00 1.310305025836875359e+01 5.963231278713132966e+00 6.019243808699859422e+00 2.890876400107119881e+00 5.415999419935804582e+00 6.345341313419881502e+00 6.873956055699933287e+00 6.498308189104486488e+00 4.986476651377676816e+00 4.103479888834794309e+00
8.632826072858232891e+00 6.286681662068152043e+00 5.843779016864082188e+00 1.244565986715755912e+01 1.103480693910045396e+01 2.694592952610040726e+00 3.261196096034134406e+00 -5.670107740328814039e+00 -1.079210648407229556e+01 -9.602056953692098773e+00 -1.141732919079386122e+01 -1.320416610099836774e+01 -1.386511662349311536e+01 -1.330999333010740138e+01 -7.009260009788523149e+00 -7.899944272792468247e+00 -9.379421756159260326e+00
-1.152489593739902674e+00 -3.573861101177824295e-01 -6.265594705288698663e+00 -8.020676075868916399e+00 -1.049022043379871683e+01 -6.184180129002125881e-01 -1.032547747013052408e+00 -4.015167261734323034e+00 1.260718890885027310e+00 4.283232023484875306e+00 1.788913471318765147e+01 2.418143306424548200e+01 2.264124966746852863e+01 1.178659964242313762e+01 9.672722901087837499e+00 1.294759891553910336e+01 1.170613516183901481e+01
3.365011371748477309e+00 4.515304046942825167e+00 8.561557306734501438e+00 9.268963151019363522e+00 1.155964667386703226e+01 5.857870927830373553e+00 -5.800331834976940826e+00 -2.786455727138101413e+00 -9.615792066339929889e-01 4.423877161026147142e+00 -1.859659609372544153e+00 -1.600666311633060168e+00 -2.707249553843684708e-01 -3.352232321483469946e+00 -1.934331226160894257e+00 -3.707724361052004092e+00 -1.572752824277626527e+00
-4.847948246306330589e-01 -7.703946999761530634e-01 9.525318500587127701e-01 3.894665118635907586e+00 3.443346758982921862e+00 6.101741326322196457e+00 6.439489778380480089e+00 -5.281292966845740899e+00 -1.867730163012548417e+01 -1.673557193351533456e+01 -2.063547419296065399e+01 -2.362221386456210581e+01 -2.273545624927105990e+01 -1.027105843961906473e+01 -3.420968957495025720e+00 -7.899728826254156289e+00 -7.166018798584431693e+00
