-2.331034899568489891e+02 -2.224694839183234478e+02 -2.282029868141369775e+02 -2.375446956109944949e+02 -2.382636624203841791e+02 -2.348657897542823889e+02 -2.108252497641960588e+02 -1.864297059583755356e+02 -1.787748213438435698e+02 -1.818673508404327208e+02 -1.825484805912161619e+02 -1.886965578136204158e+02 -2.019648092150746947e+02 -2.078960572711962982e+02 -2.179202485300821479e+02 -2.313441493480124223e+02 -2.325595211380044702e+02 -2.347148991997867995e+02 -2.488742478851660280e+02
3.130181800109918200e+00 7.378683245880526265e+00 6.284234340966100341e+00 1.392705736441861575e-01 -1.513197455035752981e+00 8.242535856444336062e+00 1.301455174289472083e+01 4.368960962036835483e+00 -4.447200197628051299e+00 -5.519867533842346852e+00 -8.631666887744460226e-01 1.240959117678491630e+01 1.857630167089308415e+01 2.339674512668637618e+01 2.759302113297565029e+01 2.741801433673909116e+01 2.467420866322775552e+01 2.538467008654391321e+01 2.235480184581653162e+01
1.470085858631348863e+01 1.977109129089104300e+01 1.861858729615882879e+01 1.388827624309318409e+01 1.238610688568802232e+01 1.523168636746811089e+01 -1.449549328471764298e+01 -4.333122339232123466e+01 -5.234698254140907636e+01 -5.003743543192346266e+01 -5.675524723429282403e+01 -5.422849629487789969e+01 -4.272426220169473510e+01 -3.063152064126603591e+01 -1.520761521273881200e+01 -5.148783436482098352e+00 -3.882779225146296476e+00 2.719287967729766997e+00 9.698944869255154089e+00
4.384714013736734017e+01 4.538019460004411343e+01 4.201693063829394958e+01 3.869358616934917450e+01 3.542601609974592947e+01 3.605535504852385031e+01 4.086413811883955560e+01 4.327203845617512457e+01 4.688221566524507722e+01 5.345943168273991120e+01 4.237306305787435434e+01 2.645848786199044866e+01 2.527195027595786669e+01 2.477147941938929065e+01 2.250946188423677441e+01 2.145060201676718847e+01 1.849515101785146953e+01 1.784479675363757423e+01 1.785944813566216638e+01
-1.564280524666282624e+01 -2.009795936516643877e+01 -1.814970473312542865e+01 -1.372796349453793852e+01 -1.234836893462130014e+01 -3.276958982819966781e+00 1.268984976659234043e+01 2.375177314409359397e+01 3.100735059520636838e+01 4.107681391238501334e+01 5.448652697798878819e+01 4.962649018669019796e+01 4.343804898590453689e+01 3.453796487173805474e+01 3.168822843239660259e+01 3.028798660856426039e+01 2.319605685554532215e+01 2.276554407392102775e+01 2.311621339974868761e+01
1.663648956236498933e+01 2.580465650452263660e+01 2.762640135659409069e+01 3.081033221814882239e+01 3.125669803563479121e+01 2.798872797811818458e+01 2.017503684877144821e+01 1.076655989252074974e+01 -5.101773201867507268e+00 -2.947439887178873619e+00 1.286893296960813693e+01 1.044166242521445653e+01 3.186152319228268137e+00 1.431719813327026358e+00 4.866649760082093934e+00 2.322813273214159313e+00 1.294623015460355298e+00 4.635317275448489482e+00 3.034507984788921142e+00
1.769339542584576819e+01 1.670759612728269872e+01 1.293582598907860870e+01 1.228814631835415838e+01 8.841367246202832320e+00 1.275369066594627299e+01 1.572869998122252611e+01 4.262267655367917740e+00 -9.634639228499096930e+00 -4.823596965361612199e+00 -7.915556453829625028e+00 -1.004924899130264215e+01 -2.488127855085134232e+00 3.037882268733516078e+00 9.238490145578888146e-01 -7.229820063960056942e+00 -3.060082256947154189e+00 8.014895506544830184e-01 -9.920564897950248096e-01
-7.761162400053772892e+00 -2.155064908330145634e+00 2.719237640431580338e+00 -6.408603249965700854e-01 -3.505571272957243245e+00 2.254305927833704537e+00 -4.657727669715207242e+00 -1.646921766952812227e+00 1.429027673728832326e+01 2.343444628345068992e+01 1.631628154829045840e+01 1.048048231182609946e+01 1.406999653677613260e+01 2.128555879161708475e+01 2.204663558825086511e+01 2.151069623134205600e+01 2.531832137147668149e+01 1.623855930910566059e+01 6.748035221294822250e+00
1.200628880094370388e+01 1.990888871871812427e+01 2.267430876698026765e+01 1.713630742955074737e+01 1.745285293311451369e+01 1.743989838168643303e+01 8.776385917567573358e+00 1.675901518764896991e+01 2.495625904471657464e+01 2.421861142260866728e+01 2.276335906898317774e+01 1.555779293648529205e+01 5.751517228059649156e+00 4.355878698267590998e+00 8.811039026799171836e+00 1.599181397834574803e+01 1.601980939550550076e+01 8.771436555540283564e+00 2.225964699358110366e+00
4.804408177324716256e+00 4.840325346335685452e+00 9.450649339410368555e-01 3.233608434581525248e+00 1.104598944180945352e+01 1.164227087741792133e+01 2.052283783270598150e+01 2.063858073965383966e+01 3.898393038378991093e+00 -1.776179893978862445e+00 5.373014991223126202e+00 8.727061630587142460e+00 6.612754707219383299e+00 1.420365624397365245e+00 -2.128888640431765289e+00 3.920624689479580649e+00 6.669469638674517142e+00 2.236414708715650956e+00 -3.885376986621115414e+00
-1.193000703001835561e+01 -4.859415753674007021e+00 2.542806887575305375e+00 -3.092253487372104814e+00 -4.078344940963036791e+00 2.429132062232429057e+00 9.376104791783451020e+00 -1.890538995510384623e-01 -6.155906661430064375e+00 -2.446456722853297183e+00 -7.634324480223106946e-01 8.834219793757576156e-01 -7.861658389834387251e-01 -3.658079642324454372e+00 -2.764204174380474832e+00 -1.632298125001714340e-01 -4.609497630391521383e+00 -7.090116048171722696e+00 -2.942489265438207546e+00
1.259152382224264954e+01 1.280150148277873612e+01 2.000959261464691963e+01 2.443688735638725262e+01 1.679238222475739661e+01 1.052084050192513942e+01 6.034474725943329787e+00 5.685638301239492876e+00 2.151684342362723257e+01 3.184204242788340977e+01 2.643149242350623496e+01 2.661026408542056032e+01 2.868211219867750827e+01 2.273994691839734017e+01 2.260263818103185685e+01 2.694342354264709627e+01 2.321494760463577478e+01 2.015650556476418842e+01 2.032130945757250373e+01
-3.997572526359122413e+00 -6.987940862934104658e+00 -9.713027319196742226e+00 -6.497242598224358900e+00 -4.731417027557275112e+00 -1.455703345646400848e+01 -1.856752199907128187e+01 -6.866805002303300043e-01 7.609260807167912866e+00 -7.436243911983790866e+00 -1.891381219628190991e+01 -1.337884769554285924e+01 -1.006189200303432685e+01 -9.232974701764227632e+00 -3.243113568267679714e+00 -1.625048509322728041e+00 -5.898131801515972938e+00 -3.806016479384020101e+00 -1.748280079412537713e+00
2.248104410042152423e+01 1.517642138219389381e+01 1.158729705508847019e+01 1.555914110696094710e+01 2.070099781202405964e+01 1.695621691737175851e+01 2.470170958619277712e+01 1.950115160495563771e+01 7.913738184978365453e+00 1.579035478313279839e-01 -5.698130510648784508e-01 1.240953403220058426e+00 -1.772378571090547972e+00 7.930413997640961554e-02 7.828839108212439335e+00 7.142236453014611186e+00 1.731498831803798044e+00 3.201540812817206927e+00 5.858371007045434453e+00
-8.732490166717763458e-01 9.150616271637046495e-01 2.395834336129269992e+00 -2.755212567303928495e-01 -6.686696081964313976e-01 -1.944116843457024402e+00 -2.593386131875633271e+00 -1.173481110538518024e+01 -4.349244160166739093e+00 6.562286813296839050e+00 1.371616596700812174e+01 8.731271203615763810e+00 5.770982065067720157e-01 4.411563005737200172e+00 1.899205603321375335e+00 -8.328632941244240584e-01 -1.689259485760132851e+00 -1.222600646091008603e+00 -9.848688198590713760e-01
2.394327430886244557e+00 7.799191864758824977e+00 1.237779355567400152e+01 1.265885074100435759e+01 1.096337470509601175e+01 6.870494805674589145e+00 -1.926808617232547149e-01 9.896937325382804573e+00 1.389951768713261160e+01 9.460390274009577993e+00 6.822141265629030116e+00 9.559940555194820888e+00 1.011343656291843729e+01 1.018995557342593905e+01 1.301417808253268049e+01 8.879010484841009188e+00 3.555109178642764878e+00 1.040780473502255177e+01 9.047253460884018494e+00
3.665741381850173397e+00 5.708416289133761978e-01 9.107466689478664890e-01 2.019168588031800660e+00 -3.526986270438037252e-01 -3.071289011033225602e+00 4.162741655914801164e+00 1.028738540190477835e+01 1.864297275378885566e+00 -4.978642957215722475e+00 -1.110525442277090846e+01 -8.571997103379310090e+00 -4.108335845249175833e-01 -2.770897494040819975e+00 -8.071753932531837705e-01 -8.838253896542113353e+00 -1.523880584371497271e+01 -9.328257076731127029e+00 -9.962754934481775848e+00
4.882453015718837719e+00 4.311939100210633313e+00 1.916601574134935593e+00 2.916254471347817567e+00 4.338935789819402977e+00 -8.035417205121939688e-01 1.465796433394428888e+00 5.149177421659612008e+00 6.017392541163133046e+00 7.919498990613446310e+00 1.013047947588578523e+01 7.268995668739061777e+00 9.927091189404084304e+00 1.029277223713809875e+01 1.029704916414155846e+01 4.253603553216134259e+00 2.681865546865729755e+00 3.136876049665279442e+00 6.109085081586029808e+00
6.673343841488219574e+00 -4.256909401445518881e-02 -2.215899612610836567e+00 8.864476367030533766e-01 4.776825126670960486e-01 4.861608178776615219e-01 1.881889694500720189e+00 -2.998942773130050199e+00 -6.836810327786855268e-01 2.346068176356527424e+00 2.930522743677678399e+00 -1.460855872662187416e+00 1.285584747292696228e+00 4.663686090368939219e-01 -2.890956927956676470e+00 -6.881202423516842082e+00 -2.126730734842341874e+00 -1.475429338247893796e+00 -1.045466391356585589e+00
6.881406063825783015e+00 5.816267148449426827e+00 7.771237742138457527e+00 2.931365510197414093e+00 -1.311653285426496396e+00 -1.097539441771581359e+00 1.698687705183843377e-01 1.088021508681542571e-01 8.238637408963455755e+00 9.557586610234952929e+00 7.162420542328669093e-01 -2.872243430035401168e+00 1.802616425768699404e+00 2.326709165057422535e+00 -1.671482784884345207e+00 -2.738966944037346529e+00 3.428365603982107768e+00 5.674288037015337238e+00 5.203188644694954235e+00
