-2.661826003692393101e+02 -2.617892869318878297e+02 -2.582412413952237102e+02 -2.633186695669538153e+02 -2.637301613956637993e+02 -2.595043439050058964e+02 -2.501662255176399299e+02 -2.456738058937541211e+02 -2.116353813056832962e+02 -1.804421026146676184e+02 -1.727640070528297258e+02 -1.700401631313660857e+02 -1.646047985770878768e+02 -1.812293602840713334e+02 -2.002566658420110741e+02 -2.174149634879844939e+02 -2.328431473880358169e+02 -2.427727642728881392e+02 -2.516729378019508658e+02 -2.485716209588128152e+02 -2.472989189019437219e+02 -2.548781273484904659e+02
3.212855603283924921e+01 3.332474351470011698e+01 3.936372027457291267e+01 3.867008213438395359e+01 3.376743128147552397e+01 3.090760755985196084e+01 3.961206616440239969e+01 3.249004402487619103e+01 1.148013991699601988e+01 -2.322094924440419206e+00 -6.742598206221702917e+00 1.801465514190927486e+00 1.454902984875873528e+01 2.184238367577684059e+01 2.800921056273112342e+01 3.115097129321549474e+01 2.733542752538503962e+01 2.458118988516832459e+01 2.677759317041256537e+01 3.396803062386895533e+01 4.004833460788083954e+01 3.534162572637094257e+01
1.003461780226409061e+01 6.913209464957995820e+00 1.010523285005418970e+01 1.137658305986270335e+01 1.255653035634802706e+01 7.793925391576778772e+00 7.190257803809326553e+00 -2.287074171078512741e+00 -3.153055403609608476e+01 -5.457261776016913046e+01 -5.802746636203344366e+01 -6.843471691165150617e+01 -7.146230570780988955e+01 -5.948578928381592590e+01 -4.096997252587015481e+01 -2.922627649119629467e+01 -2.146787119939085997e+01 -1.434723550358056698e+01 -4.623716780626171641e+00 -1.599677617126333828e+00 3.814513741370655353e-01 4.378573357110767006e+00
1.686956377649296712e+01 1.719070536266005789e+01 2.312482636709758310e+01 2.383588225420705697e+01 2.436420736056558667e+01 1.949455059945858082e+01 1.726696881630066116e+01 2.220243375718394319e+01 4.044088583983259610e+01 5.420062583270904355e+01 7.423217581788676966e+01 6.738332926567534287e+01 4.333971281637235506e+01 2.933177697063769429e+01 3.282784473148920057e+01 2.394594616249958818e+01 2.563356396173590213e+01 3.043746737423735027e+01 2.504642298475302908e+01 2.424408488808163753e+01 2.027148876464611504e+01 2.533048106218414119e+01
1.675873250770954570e+01 1.345452442650725899e+01 1.384590540619899812e+01 1.514707041461260140e+01 1.571114175330420437e+01 9.134780736692752257e+00 1.258161474671840097e+01 1.423585774377688118e+01 1.756836510837990062e+01 3.085654505524748004e+01 4.066499818705529634e+01 4.032454806448669160e+01 3.716594836674723012e+01 3.221371786693156736e+01 3.756824567329598352e+01 2.818016180668666948e+01 2.782122354357992577e+01 3.038558405365067827e+01 2.500097656771967891e+01 1.587776080850994376e+01 1.115570024627166745e+01 2.084791382127853865e+01
1.589802173732186219e+01 1.357635415531708212e+01 8.519015178859445925e+00 7.176012851974684637e+00 8.006234334045629453e+00 1.220490133852477044e+01 1.297933005700142139e+01 1.030699753909311411e+01 8.811357984938672061e+00 1.995048215446476370e+00 -1.289123153490307772e+01 -1.118936484378808949e+01 6.527997463407952949e-01 3.791380686748959228e+00 3.845902877839339595e+00 3.200597266707506883e+00 -8.704459737871035330e-01 -2.630136477867146105e+00 1.234607264349437905e+00 5.676667250219740168e-01 3.059639605821574904e+00 5.827116758528542384e+00
7.238067737142449332e+00 9.954929891660938779e+00 8.853733261074619776e+00 6.278070051797813633e+00 8.607275191010497650e+00 6.426449008946461205e+00 2.385260953252926974e+00 3.178894165524702942e+00 1.456756709490399260e+01 4.752594367290981836e+00 3.242196662594665213e-02 2.107536770359539346e-01 -6.449746593871386047e+00 -6.267060279715416016e+00 -5.033868037704385401e+00 -2.148872519958263894e+00 -1.329290702654666756e+00 7.602023603443708311e-01 -1.408500743661252663e+00 7.266650407716737092e-01 2.511287533067632971e+00 4.030062291044602674e-01
1.076962153306712011e+01 1.192447541150439250e+01 1.489140392195666607e+01 1.824143169514405116e+01 2.011459566504573360e+01 8.699344611784788128e+00 7.474421092351690277e+00 1.541715552571594117e+01 8.255737594403264268e+00 4.508866132455607634e+00 1.835612393388132801e+01 1.848245841690543045e+01 1.818335843291559684e+01 1.568089744580992928e+01 1.865188635895698610e+01 2.378241154173757010e+01 2.397773622347039790e+01 2.252233365985475899e+01 2.475843304992556071e+01 2.461949799778327730e+01 2.212320074296307482e+01 1.756319181716364852e+01
-2.255710444579760221e+00 -2.344685553337738426e+00 -3.192005424380095491e-02 9.347121935975799545e-02 -1.686203614561687658e-01 -3.575246536898129435e+00 -1.792934314971104115e+00 -3.192840979418907210e-01 3.157538037044089307e+00 1.870713627757374908e+01 1.674448426140505930e+01 1.546009168855271199e+01 1.275163868379913978e+01 8.599578085019835783e+00 4.428245813754370097e+00 9.413724529803094043e+00 1.180581875401925274e+01 8.257384116499947524e+00 1.219463575499843699e+01 7.352889371804360863e+00 4.986725381477264740e+00 2.628266197613864819e+00
5.525158402202072772e+00 4.605228937924069399e+00 6.287351351099090380e+00 2.869396289999658567e+00 1.833388359602027506e+00 3.247199124528876268e+00 5.544007588599248137e+00 1.315407970581541619e+01 2.448951907661090033e+01 1.077766173035196218e+01 -9.101617465228205361e+00 -6.210180827877201715e+00 3.338491045395810097e+00 3.726790913198122723e+00 -4.294926880553072479e+00 -2.642543804123012485e+00 7.288310364631467309e-01 -4.417702499162379226e-01 -1.608855557393988889e+00 2.682278351050696674e+00 4.298509047826339469e+00 5.305796797576851631e-01
-2.931995344621851629e-01 1.006447479137886347e+00 4.179201722340631697e+00 4.017818613821300566e+00 1.925203203010117825e+00 3.804241163472068088e+00 7.106242049506796832e-01 6.064534523473435357e+00 9.326534358558824067e+00 -8.989295868093918784e+00 -1.295449951779309217e+01 -3.264188343144697857e+00 6.376711302563097483e+00 5.018083290487425074e+00 6.622779735133015322e-01 5.459537496218104025e+00 7.854492642310848538e+00 2.749921634859209263e-01 1.582759769788845361e+00 3.936374110534012871e+00 5.011356475770823771e+00 1.587785950161527460e+00
3.244111648298628747e+00 6.934871871831218115e+00 8.139392992355158896e+00 5.646774698451522134e+00 4.914133394083138207e+00 8.548985284214900560e+00 8.170861925060256326e+00 2.749829797138322984e+00 -9.306659688664185026e+00 6.828438367598069547e+00 2.722234637371832022e+01 2.922122797749348777e+01 2.110569864283299069e+01 2.490697790139626377e+01 2.721289507182708789e+01 1.934662617075557023e+01 2.026988322137911069e+01 1.412232756345149198e+01 1.765433698610920032e+01 1.701037670532577906e+01 1.811455875752563216e+01 1.506504481794528871e+01
8.042433599262110988e-02 -1.144172552403967202e+00 -6.180315930951422843e+00 -6.192134072483103324e+00 -8.961934098535650151e+00 -3.561875576724681469e+00 -1.515626859894458889e+00 -4.057549391094303459e+00 -5.978857964729860086e+00 1.006798673852520309e+01 5.890559916754162906e+00 -1.162420020397442144e+01 -1.367986896634975835e+01 -6.454791135926791767e+00 1.993370102051361670e-01 -6.663786496656434188e+00 -1.621213603944689652e+01 -1.997219196448600798e+01 -1.101634797019552359e+01 -4.791414981535934814e+00 -4.999571187855908150e+00 -1.465462999959721735e+00
1.359547412580583625e+01 1.624563201764882336e+01 5.820382188681978874e+00 4.014562300252148219e+00 5.903339394252686390e+00 8.406737923541456325e+00 1.134065354553152716e+01 1.461698718453280144e+01 1.718885359551816450e+01 6.446857560780758334e+00 1.968317409447419841e+00 -1.620849661903580596e+00 -9.684754863446226381e+00 -2.006339569435751535e+00 6.799291571733403927e+00 3.206913680387756482e+00 -2.552292044145859862e+00 -2.998013255756308837e-01 5.381813770619777060e+00 2.723479353447070928e+00 2.017502052850341343e+00 9.932761660021837358e+00
2.726652798429842761e-01 2.280772259555085668e+00 -1.170264292421825836e+00 -1.693484513830079585e+00 -1.002668548247580560e-01 -2.132537649617638476e+00 -4.816042086191064442e+00 -1.923087677426304598e+00 -8.621158573344178677e+00 -8.634207638716800304e+00 5.741436712567834277e+00 6.552540018901068741e+00 4.387332352160604465e+00 9.651994416635783836e+00 8.800275576477101680e+00 4.200519996239767018e+00 7.022976115445562328e+00 8.331335423109976546e+00 8.874553709347640762e+00 1.969668513228938878e+00 3.419635937827835370e+00 9.987393595092395771e+00
5.938845089053412352e+00 4.047441477279949851e+00 4.875400273715589705e+00 7.254342544212612154e+00 2.817020381082212754e+00 1.473716771867164876e+00 2.588356352448291098e+00 1.691466683645091340e+00 4.798958492863414804e+00 1.215828356309472191e+01 4.753824173422318999e+00 3.635616485857460223e+00 8.931463619979172819e+00 8.593705324072757890e+00 4.228575275602143080e+00 4.784617443746281396e+00 4.210727610376896024e+00 5.673836909461238420e-01 9.788821683614203906e+00 7.569133028383077999e+00 3.312347762668902629e+00 6.145334577272944188e+00
6.626145112752139354e+00 7.904357378390525213e-01 -2.530754196803322031e-01 5.094432687455121567e-01 -7.788999245783205794e-01 1.061719916124344465e+00 -3.209976119708310982e+00 -4.542928549909896141e+00 3.710394697441050660e+00 -1.148454003155104708e+00 -9.593162268447338548e+00 -7.222146449212155872e+00 -4.044358190725240831e+00 -5.894481345051107546e+00 -1.036197046748972994e+01 -1.055018529836594432e+01 -8.957227375436321637e+00 -6.083571633105401943e+00 3.003851735294109204e+00 1.600932186361919918e+00 -6.871828682464741433e+00 -4.642794900621892040e+00
9.093386636890436137e+00 5.930537033073941977e+00 2.203085903043540128e+00 1.085068689829553179e+00 1.375411278236842172e+00 8.642790586022904620e+00 2.433156701343462736e+00 2.093170569710007811e+00 7.873851244167351382e-01 -2.335958280540543441e+00 3.465919613924879350e+00 4.293246102534139297e+00 7.780701201154056612e+00 1.038058897320525276e+01 1.075188150416355271e+01 1.362159770691165406e+01 1.375803824094486849e+01 1.430985638612372490e+01 1.751416627544799098e+01 1.189149948916232447e+01 4.549756273602401535e+00 1.657697458411993008e+00
-8.722437368117123668e+00 -5.576330158135248460e+00 8.631608079552854917e-02 -8.359148787745205311e-01 -7.117585036592991798e+00 1.614426032184609561e+00 6.391502500119675467e+00 -1.263323787651572161e+00 -3.678753554395211012e-01 1.831951831168314726e+00 8.612337912044232269e-01 1.950506863516432432e+00 1.549663035950263890e+00 1.567569659157983075e+00 4.104556673569780934e+00 -5.669719456604331853e-01 -1.435991734785117657e+00 -2.172019099682646726e+00 8.679573913101776839e-01 3.984000519124879069e+00 2.908422221521443696e+00 1.469159112262359734e+00
1.047018752903890615e+01 8.682305322245216672e+00 6.312832454452561137e+00 9.118938577647160315e+00 5.717265251839552143e+00 3.815543184053087344e+00 4.345567039455680458e+00 2.585088634300146460e+00 -6.703192428083457166e+00 5.623434489710810169e-01 -2.367281134899410056e+00 -4.726738514264476443e+00 -5.563952513714511383e+00 -8.328508605868611525e+00 -1.428196406460113366e+00 -4.880662819270296104e+00 -8.747007192395871655e+00 -6.857540887119681905e+00 -2.311311105641022934e+00 2.467809169279786552e+00 4.412431306354111626e+00 4.938427426419450761e+00
